&STRAIN_ROSETTE
  id = 4786
  extId = 1
  linkId = 4485
  type = 'DOUBLE_GAGE_90'
  zeroInit = 1
  numnod = 4
  nodes = 54 49 50 53
  rPos =  1.788141049e-06  -1.000000000e+00   0.000000000e+00   0.000000000e+00
          0.000000000e+00  -0.000000000e+00  -1.000000000e+00   1.979993652e+00
          1.000000000e+00   1.788141049e-06  -0.000000000e+00   2.590000000e+00
  zPos =  0.000000000e+00
  Emod =  2.069000000e+11
  nu   =  2.880000000e-01
/

&STRAIN_ROSETTE
  id = 4947
  extId = 2
  linkId = 4485
  type = 'DOUBLE_GAGE_90'
  zeroInit = 1
  numnod = 4
  nodes = 10170 10173 10172 10171
  rPos = -0.000000000e+00   0.000000000e+00  -1.000000000e+00   1.979993652e+00
          2.068231071e-13   1.000000000e+00   0.000000000e+00   0.000000000e+00
          1.000000000e+00  -2.068231071e-13  -0.000000000e+00   2.590000000e+00
  zPos =  0.000000000e+00
  Emod =  2.069000000e+11
  nu   =  2.880000000e-01
/

