&HEADING
  modelFile = 'D:\Src\ftKernel.git\solverTests\AW-N80-80-Windturbine\TurbineWithGages.fmm'
  version = 3.0
/

&ENVIRONMENT
  gravity  =  0.000000000e+00   0.000000000e+00  -9.810000000e+00
/

&MECHANISM
  id = 1
  extId = 1
  extDescr = 'Arctic Wind N80-80 wind turbine model'
  weightTranslation =  1.251406553e-02
  weightRotation    =  1.000000000e+00
  weightGeneralized =  1.000000000e+00
/

&TRIAD
  id = 19
  extId = 1 1
  extDescr = 'Flange 0 Foundation'
  nDOFs = 6
  ur  = -1.000000000e+00   0.000000000e+00   0.000000000e+00   0.000000000e+00
         0.000000000e+00  -1.000000000e+00   0.000000000e+00   0.000000000e+00
         0.000000000e+00   0.000000000e+00   1.000000000e+00   0.000000000e+00
  BC = 0 0 0 0 0 0
/

&TRIAD
  id = 38
  extId = 8 1
  nDOFs = 6
  ur  =  1.000000000e+00   0.000000000e+00   0.000000000e+00   0.000000000e+00
         0.000000000e+00   1.000000000e+00   0.000000000e+00   0.000000000e+00
         0.000000000e+00   0.000000000e+00   1.000000000e+00   5.078920000e+00
/

&TRIAD
  id = 41
  extId = 9 1
  nDOFs = 6
  ur  =  1.000000000e+00   0.000000000e+00   0.000000000e+00   0.000000000e+00
         0.000000000e+00   1.000000000e+00   0.000000000e+00   0.000000000e+00
         0.000000000e+00   0.000000000e+00   1.000000000e+00   5.804480000e+00
/

&TRIAD
  id = 44
  extId = 10 1
  nDOFs = 6
  ur  =  1.000000000e+00   0.000000000e+00   0.000000000e+00   0.000000000e+00
         0.000000000e+00   1.000000000e+00   0.000000000e+00   0.000000000e+00
         0.000000000e+00   0.000000000e+00   1.000000000e+00   6.530040000e+00
/

&TRIAD
  id = 47
  extId = 11 1
  nDOFs = 6
  ur  =  1.000000000e+00   0.000000000e+00   0.000000000e+00   0.000000000e+00
         0.000000000e+00   1.000000000e+00   0.000000000e+00   0.000000000e+00
         0.000000000e+00   0.000000000e+00   1.000000000e+00   7.255600000e+00
/

&TRIAD
  id = 50
  extId = 12 1
  nDOFs = 6
  ur  =  1.000000000e+00   0.000000000e+00   0.000000000e+00   0.000000000e+00
         0.000000000e+00   1.000000000e+00   0.000000000e+00   0.000000000e+00
         0.000000000e+00   0.000000000e+00   1.000000000e+00   7.981160000e+00
/

&TRIAD
  id = 53
  extId = 13 1
  nDOFs = 6
  ur  =  1.000000000e+00   0.000000000e+00   0.000000000e+00   0.000000000e+00
         0.000000000e+00   1.000000000e+00   0.000000000e+00   0.000000000e+00
         0.000000000e+00   0.000000000e+00   1.000000000e+00   8.706720000e+00
/

&TRIAD
  id = 56
  extId = 14 1
  nDOFs = 6
  ur  =  1.000000000e+00   0.000000000e+00   0.000000000e+00   0.000000000e+00
         0.000000000e+00   1.000000000e+00   0.000000000e+00   0.000000000e+00
         0.000000000e+00   0.000000000e+00   1.000000000e+00   9.432280000e+00
/

&TRIAD
  id = 59
  extId = 15 1
  nDOFs = 6
  ur  =  1.000000000e+00   0.000000000e+00   0.000000000e+00   0.000000000e+00
         0.000000000e+00   1.000000000e+00   0.000000000e+00   0.000000000e+00
         0.000000000e+00   0.000000000e+00   1.000000000e+00   1.015784000e+01
/

&TRIAD
  id = 62
  extId = 16 1
  nDOFs = 6
  ur  =  1.000000000e+00   0.000000000e+00   0.000000000e+00   0.000000000e+00
         0.000000000e+00   1.000000000e+00   0.000000000e+00   0.000000000e+00
         0.000000000e+00   0.000000000e+00   1.000000000e+00   1.088340000e+01
/

&TRIAD
  id = 65
  extId = 17 1
  nDOFs = 6
  ur  =  1.000000000e+00   0.000000000e+00   0.000000000e+00   0.000000000e+00
         0.000000000e+00   1.000000000e+00   0.000000000e+00   0.000000000e+00
         0.000000000e+00   0.000000000e+00   1.000000000e+00   1.160896000e+01
/

&TRIAD
  id = 68
  extId = 18 1
  nDOFs = 6
  ur  =  1.000000000e+00   0.000000000e+00   0.000000000e+00   0.000000000e+00
         0.000000000e+00   1.000000000e+00   0.000000000e+00   0.000000000e+00
         0.000000000e+00   0.000000000e+00   1.000000000e+00   1.233452000e+01
/

&TRIAD
  id = 71
  extId = 19 1
  nDOFs = 6
  ur  =  1.000000000e+00   0.000000000e+00   0.000000000e+00   0.000000000e+00
         0.000000000e+00   1.000000000e+00   0.000000000e+00   0.000000000e+00
         0.000000000e+00   0.000000000e+00   1.000000000e+00   1.306008000e+01
/

&TRIAD
  id = 74
  extId = 20 1
  nDOFs = 6
  ur  =  1.000000000e+00   0.000000000e+00   0.000000000e+00   0.000000000e+00
         0.000000000e+00   1.000000000e+00   0.000000000e+00   0.000000000e+00
         0.000000000e+00   0.000000000e+00   1.000000000e+00   1.378564000e+01
/

&TRIAD
  id = 77
  extId = 21 1
  nDOFs = 6
  ur  =  1.000000000e+00   0.000000000e+00   0.000000000e+00   0.000000000e+00
         0.000000000e+00   1.000000000e+00   0.000000000e+00   0.000000000e+00
         0.000000000e+00   0.000000000e+00   1.000000000e+00   1.451120000e+01
/

&TRIAD
  id = 80
  extId = 22 1
  nDOFs = 6
  ur  =  1.000000000e+00   0.000000000e+00   0.000000000e+00   0.000000000e+00
         0.000000000e+00   1.000000000e+00   0.000000000e+00   0.000000000e+00
         0.000000000e+00   0.000000000e+00   1.000000000e+00   1.523676000e+01
/

&TRIAD
  id = 83
  extId = 23 1
  nDOFs = 6
  ur  =  1.000000000e+00   0.000000000e+00   0.000000000e+00   0.000000000e+00
         0.000000000e+00   1.000000000e+00   0.000000000e+00   0.000000000e+00
         0.000000000e+00   0.000000000e+00   1.000000000e+00   1.596232000e+01
/

&TRIAD
  id = 86
  extId = 24 1
  nDOFs = 6
  ur  =  1.000000000e+00   0.000000000e+00   0.000000000e+00   0.000000000e+00
         0.000000000e+00   1.000000000e+00   0.000000000e+00   0.000000000e+00
         0.000000000e+00   0.000000000e+00   1.000000000e+00   1.668788000e+01
/

&TRIAD
  id = 89
  extId = 25 1
  nDOFs = 6
  ur  =  1.000000000e+00   0.000000000e+00   0.000000000e+00   0.000000000e+00
         0.000000000e+00   1.000000000e+00   0.000000000e+00   0.000000000e+00
         0.000000000e+00   0.000000000e+00   1.000000000e+00   1.741344000e+01
/

&TRIAD
  id = 92
  extId = 26 1
  extDescr = 'Flange 1'
  nDOFs = 6
  ur  =  1.000000000e+00   0.000000000e+00   0.000000000e+00   0.000000000e+00
         0.000000000e+00   1.000000000e+00   0.000000000e+00   0.000000000e+00
         0.000000000e+00   0.000000000e+00   1.000000000e+00   1.813900000e+01
/

&TRIAD
  id = 95
  extId = 27 1
  nDOFs = 6
  ur  =  1.000000000e+00   0.000000000e+00   0.000000000e+00   0.000000000e+00
         0.000000000e+00   1.000000000e+00   0.000000000e+00   0.000000000e+00
         0.000000000e+00   0.000000000e+00   1.000000000e+00   1.886921600e+01
/

&TRIAD
  id = 98
  extId = 28 1
  nDOFs = 6
  ur  =  1.000000000e+00   0.000000000e+00   0.000000000e+00   0.000000000e+00
         0.000000000e+00   1.000000000e+00   0.000000000e+00   0.000000000e+00
         0.000000000e+00   0.000000000e+00   1.000000000e+00   1.959943200e+01
/

&TRIAD
  id = 101
  extId = 29 1
  nDOFs = 6
  ur  =  1.000000000e+00   0.000000000e+00   0.000000000e+00   0.000000000e+00
         0.000000000e+00   1.000000000e+00   0.000000000e+00   0.000000000e+00
         0.000000000e+00   0.000000000e+00   1.000000000e+00   2.032964800e+01
/

&TRIAD
  id = 104
  extId = 30 1
  nDOFs = 6
  ur  =  1.000000000e+00   0.000000000e+00   0.000000000e+00   0.000000000e+00
         0.000000000e+00   1.000000000e+00   0.000000000e+00   0.000000000e+00
         0.000000000e+00   0.000000000e+00   1.000000000e+00   2.105986400e+01
/

&TRIAD
  id = 107
  extId = 31 1
  nDOFs = 6
  ur  =  1.000000000e+00   0.000000000e+00   0.000000000e+00   0.000000000e+00
         0.000000000e+00   1.000000000e+00   0.000000000e+00   0.000000000e+00
         0.000000000e+00   0.000000000e+00   1.000000000e+00   2.179008000e+01
/

&TRIAD
  id = 110
  extId = 32 1
  nDOFs = 6
  ur  =  1.000000000e+00   0.000000000e+00   0.000000000e+00   0.000000000e+00
         0.000000000e+00   1.000000000e+00   0.000000000e+00   0.000000000e+00
         0.000000000e+00   0.000000000e+00   1.000000000e+00   2.252029600e+01
/

&TRIAD
  id = 113
  extId = 33 1
  nDOFs = 6
  ur  =  1.000000000e+00   0.000000000e+00   0.000000000e+00   0.000000000e+00
         0.000000000e+00   1.000000000e+00   0.000000000e+00   0.000000000e+00
         0.000000000e+00   0.000000000e+00   1.000000000e+00   2.325051200e+01
/

&TRIAD
  id = 116
  extId = 34 1
  nDOFs = 6
  ur  =  1.000000000e+00   0.000000000e+00   0.000000000e+00   0.000000000e+00
         0.000000000e+00   1.000000000e+00   0.000000000e+00   0.000000000e+00
         0.000000000e+00   0.000000000e+00   1.000000000e+00   2.398072800e+01
/

&TRIAD
  id = 119
  extId = 35 1
  nDOFs = 6
  ur  =  1.000000000e+00   0.000000000e+00   0.000000000e+00   0.000000000e+00
         0.000000000e+00   1.000000000e+00   0.000000000e+00   0.000000000e+00
         0.000000000e+00   0.000000000e+00   1.000000000e+00   2.471094400e+01
/

&TRIAD
  id = 122
  extId = 36 1
  nDOFs = 6
  ur  =  1.000000000e+00   0.000000000e+00   0.000000000e+00   0.000000000e+00
         0.000000000e+00   1.000000000e+00   0.000000000e+00   0.000000000e+00
         0.000000000e+00   0.000000000e+00   1.000000000e+00   2.544116000e+01
/

&TRIAD
  id = 125
  extId = 37 1
  nDOFs = 6
  ur  =  1.000000000e+00   0.000000000e+00   0.000000000e+00   0.000000000e+00
         0.000000000e+00   1.000000000e+00   0.000000000e+00   0.000000000e+00
         0.000000000e+00   0.000000000e+00   1.000000000e+00   2.617137600e+01
/

&TRIAD
  id = 128
  extId = 38 1
  nDOFs = 6
  ur  =  1.000000000e+00   0.000000000e+00   0.000000000e+00   0.000000000e+00
         0.000000000e+00   1.000000000e+00   0.000000000e+00   0.000000000e+00
         0.000000000e+00   0.000000000e+00   1.000000000e+00   2.690159200e+01
/

&TRIAD
  id = 131
  extId = 39 1
  nDOFs = 6
  ur  =  1.000000000e+00   0.000000000e+00   0.000000000e+00   0.000000000e+00
         0.000000000e+00   1.000000000e+00   0.000000000e+00   0.000000000e+00
         0.000000000e+00   0.000000000e+00   1.000000000e+00   2.763180800e+01
/

&TRIAD
  id = 134
  extId = 40 1
  nDOFs = 6
  ur  =  1.000000000e+00   0.000000000e+00   0.000000000e+00   0.000000000e+00
         0.000000000e+00   1.000000000e+00   0.000000000e+00   0.000000000e+00
         0.000000000e+00   0.000000000e+00   1.000000000e+00   2.836202400e+01
/

&TRIAD
  id = 137
  extId = 41 1
  nDOFs = 6
  ur  =  1.000000000e+00   0.000000000e+00   0.000000000e+00   0.000000000e+00
         0.000000000e+00   1.000000000e+00   0.000000000e+00   0.000000000e+00
         0.000000000e+00   0.000000000e+00   1.000000000e+00   2.909224000e+01
/

&TRIAD
  id = 140
  extId = 42 1
  nDOFs = 6
  ur  =  1.000000000e+00   0.000000000e+00   0.000000000e+00   0.000000000e+00
         0.000000000e+00   1.000000000e+00   0.000000000e+00   0.000000000e+00
         0.000000000e+00   0.000000000e+00   1.000000000e+00   2.982245600e+01
/

&TRIAD
  id = 143
  extId = 43 1
  nDOFs = 6
  ur  =  1.000000000e+00   0.000000000e+00   0.000000000e+00   0.000000000e+00
         0.000000000e+00   1.000000000e+00   0.000000000e+00   0.000000000e+00
         0.000000000e+00   0.000000000e+00   1.000000000e+00   3.055267200e+01
/

&TRIAD
  id = 146
  extId = 44 1
  nDOFs = 6
  ur  =  1.000000000e+00   0.000000000e+00   0.000000000e+00   0.000000000e+00
         0.000000000e+00   1.000000000e+00   0.000000000e+00   0.000000000e+00
         0.000000000e+00   0.000000000e+00   1.000000000e+00   3.128288800e+01
/

&TRIAD
  id = 149
  extId = 45 1
  nDOFs = 6
  ur  =  1.000000000e+00   0.000000000e+00   0.000000000e+00   0.000000000e+00
         0.000000000e+00   1.000000000e+00   0.000000000e+00   0.000000000e+00
         0.000000000e+00   0.000000000e+00   1.000000000e+00   3.201310400e+01
/

&TRIAD
  id = 152
  extId = 46 1
  nDOFs = 6
  ur  =  1.000000000e+00   0.000000000e+00   0.000000000e+00   0.000000000e+00
         0.000000000e+00   1.000000000e+00   0.000000000e+00   0.000000000e+00
         0.000000000e+00   0.000000000e+00   1.000000000e+00   3.274332000e+01
/

&TRIAD
  id = 155
  extId = 47 1
  nDOFs = 6
  ur  =  1.000000000e+00   0.000000000e+00   0.000000000e+00   0.000000000e+00
         0.000000000e+00   1.000000000e+00   0.000000000e+00   0.000000000e+00
         0.000000000e+00   0.000000000e+00   1.000000000e+00   3.347353600e+01
/

&TRIAD
  id = 158
  extId = 48 1
  nDOFs = 6
  ur  =  1.000000000e+00   0.000000000e+00   0.000000000e+00   0.000000000e+00
         0.000000000e+00   1.000000000e+00   0.000000000e+00   0.000000000e+00
         0.000000000e+00   0.000000000e+00   1.000000000e+00   3.420375200e+01
/

&TRIAD
  id = 161
  extId = 49 1
  nDOFs = 6
  ur  =  1.000000000e+00   0.000000000e+00   0.000000000e+00   0.000000000e+00
         0.000000000e+00   1.000000000e+00   0.000000000e+00   0.000000000e+00
         0.000000000e+00   0.000000000e+00   1.000000000e+00   3.493396800e+01
/

&TRIAD
  id = 164
  extId = 50 1
  extDescr = 'Platform'
  nDOFs = 6
  ur  =  1.000000000e+00   0.000000000e+00   0.000000000e+00   0.000000000e+00
         0.000000000e+00   1.000000000e+00   0.000000000e+00   0.000000000e+00
         0.000000000e+00   0.000000000e+00   1.000000000e+00   3.566418400e+01
/

&TRIAD
  id = 167
  extId = 51 1
  extDescr = 'Flange 2'
  nDOFs = 6
  ur  =  1.000000000e+00   0.000000000e+00   0.000000000e+00   0.000000000e+00
         0.000000000e+00   1.000000000e+00   0.000000000e+00   0.000000000e+00
         0.000000000e+00   0.000000000e+00   1.000000000e+00   3.639440000e+01
/

&TRIAD
  id = 170
  extId = 52 1
  extDescr = 'Sensor 32'
  nDOFs = 6
  ur  =  1.000000000e+00   0.000000000e+00   0.000000000e+00   0.000000000e+00
         0.000000000e+00   1.000000000e+00   0.000000000e+00   0.000000000e+00
         0.000000000e+00   0.000000000e+00   1.000000000e+00   3.689800000e+01
/

&TRIAD
  id = 173
  extId = 53 1
  nDOFs = 6
  ur  =  1.000000000e+00   0.000000000e+00   0.000000000e+00   0.000000000e+00
         0.000000000e+00   1.000000000e+00   0.000000000e+00   0.000000000e+00
         0.000000000e+00   0.000000000e+00   1.000000000e+00   3.712306800e+01
/

&TRIAD
  id = 176
  extId = 54 1
  nDOFs = 6
  ur  =  1.000000000e+00   0.000000000e+00   0.000000000e+00   0.000000000e+00
         0.000000000e+00   1.000000000e+00   0.000000000e+00   0.000000000e+00
         0.000000000e+00   0.000000000e+00   1.000000000e+00   3.785173600e+01
/

&TRIAD
  id = 179
  extId = 55 1
  nDOFs = 6
  ur  =  1.000000000e+00   0.000000000e+00   0.000000000e+00   0.000000000e+00
         0.000000000e+00   1.000000000e+00   0.000000000e+00   0.000000000e+00
         0.000000000e+00   0.000000000e+00   1.000000000e+00   3.858040400e+01
/

&TRIAD
  id = 182
  extId = 56 1
  nDOFs = 6
  ur  =  1.000000000e+00   0.000000000e+00   0.000000000e+00   0.000000000e+00
         0.000000000e+00   1.000000000e+00   0.000000000e+00   0.000000000e+00
         0.000000000e+00   0.000000000e+00   1.000000000e+00   3.930907200e+01
/

&TRIAD
  id = 185
  extId = 57 1
  nDOFs = 6
  ur  =  1.000000000e+00   0.000000000e+00   0.000000000e+00   0.000000000e+00
         0.000000000e+00   1.000000000e+00   0.000000000e+00   0.000000000e+00
         0.000000000e+00   0.000000000e+00   1.000000000e+00   4.003774000e+01
/

&TRIAD
  id = 188
  extId = 58 1
  nDOFs = 6
  ur  =  1.000000000e+00   0.000000000e+00   0.000000000e+00   0.000000000e+00
         0.000000000e+00   1.000000000e+00   0.000000000e+00   0.000000000e+00
         0.000000000e+00   0.000000000e+00   1.000000000e+00   4.076640800e+01
/

&TRIAD
  id = 191
  extId = 59 1
  nDOFs = 6
  ur  =  1.000000000e+00   0.000000000e+00   0.000000000e+00   0.000000000e+00
         0.000000000e+00   1.000000000e+00   0.000000000e+00   0.000000000e+00
         0.000000000e+00   0.000000000e+00   1.000000000e+00   4.149507600e+01
/

&TRIAD
  id = 194
  extId = 60 1
  nDOFs = 6
  ur  =  1.000000000e+00   0.000000000e+00   0.000000000e+00   0.000000000e+00
         0.000000000e+00   1.000000000e+00   0.000000000e+00   0.000000000e+00
         0.000000000e+00   0.000000000e+00   1.000000000e+00   4.222374400e+01
/

&TRIAD
  id = 197
  extId = 61 1
  nDOFs = 6
  ur  =  1.000000000e+00   0.000000000e+00   0.000000000e+00   0.000000000e+00
         0.000000000e+00   1.000000000e+00   0.000000000e+00   0.000000000e+00
         0.000000000e+00   0.000000000e+00   1.000000000e+00   4.295241200e+01
/

&TRIAD
  id = 200
  extId = 62 1
  nDOFs = 6
  ur  =  1.000000000e+00   0.000000000e+00   0.000000000e+00   0.000000000e+00
         0.000000000e+00   1.000000000e+00   0.000000000e+00   0.000000000e+00
         0.000000000e+00   0.000000000e+00   1.000000000e+00   4.368108000e+01
/

&TRIAD
  id = 203
  extId = 63 1
  nDOFs = 6
  ur  =  1.000000000e+00   0.000000000e+00   0.000000000e+00   0.000000000e+00
         0.000000000e+00   1.000000000e+00   0.000000000e+00   0.000000000e+00
         0.000000000e+00   0.000000000e+00   1.000000000e+00   4.440974800e+01
/

&TRIAD
  id = 206
  extId = 64 1
  nDOFs = 6
  ur  =  1.000000000e+00   0.000000000e+00   0.000000000e+00   0.000000000e+00
         0.000000000e+00   1.000000000e+00   0.000000000e+00   0.000000000e+00
         0.000000000e+00   0.000000000e+00   1.000000000e+00   4.513841600e+01
/

&TRIAD
  id = 209
  extId = 65 1
  nDOFs = 6
  ur  =  1.000000000e+00   0.000000000e+00   0.000000000e+00   0.000000000e+00
         0.000000000e+00   1.000000000e+00   0.000000000e+00   0.000000000e+00
         0.000000000e+00   0.000000000e+00   1.000000000e+00   4.586708400e+01
/

&TRIAD
  id = 212
  extId = 66 1
  nDOFs = 6
  ur  =  1.000000000e+00   0.000000000e+00   0.000000000e+00   0.000000000e+00
         0.000000000e+00   1.000000000e+00   0.000000000e+00   0.000000000e+00
         0.000000000e+00   0.000000000e+00   1.000000000e+00   4.659575200e+01
/

&TRIAD
  id = 215
  extId = 67 1
  nDOFs = 6
  ur  =  1.000000000e+00   0.000000000e+00   0.000000000e+00   0.000000000e+00
         0.000000000e+00   1.000000000e+00   0.000000000e+00   0.000000000e+00
         0.000000000e+00   0.000000000e+00   1.000000000e+00   4.732442000e+01
/

&TRIAD
  id = 218
  extId = 68 1
  nDOFs = 6
  ur  =  1.000000000e+00   0.000000000e+00   0.000000000e+00   0.000000000e+00
         0.000000000e+00   1.000000000e+00   0.000000000e+00   0.000000000e+00
         0.000000000e+00   0.000000000e+00   1.000000000e+00   4.805308800e+01
/

&TRIAD
  id = 221
  extId = 69 1
  nDOFs = 6
  ur  =  1.000000000e+00   0.000000000e+00   0.000000000e+00   0.000000000e+00
         0.000000000e+00   1.000000000e+00   0.000000000e+00   0.000000000e+00
         0.000000000e+00   0.000000000e+00   1.000000000e+00   4.878175600e+01
/

&TRIAD
  id = 224
  extId = 70 1
  nDOFs = 6
  ur  =  1.000000000e+00   0.000000000e+00   0.000000000e+00   0.000000000e+00
         0.000000000e+00   1.000000000e+00   0.000000000e+00   0.000000000e+00
         0.000000000e+00   0.000000000e+00   1.000000000e+00   4.951042400e+01
/

&TRIAD
  id = 227
  extId = 71 1
  nDOFs = 6
  ur  =  1.000000000e+00   0.000000000e+00   0.000000000e+00   0.000000000e+00
         0.000000000e+00   1.000000000e+00   0.000000000e+00   0.000000000e+00
         0.000000000e+00   0.000000000e+00   1.000000000e+00   5.023909200e+01
/

&TRIAD
  id = 230
  extId = 72 1
  nDOFs = 6
  ur  =  1.000000000e+00   0.000000000e+00   0.000000000e+00   0.000000000e+00
         0.000000000e+00   1.000000000e+00   0.000000000e+00   0.000000000e+00
         0.000000000e+00   0.000000000e+00   1.000000000e+00   5.096776000e+01
/

&TRIAD
  id = 233
  extId = 73 1
  nDOFs = 6
  ur  =  1.000000000e+00   0.000000000e+00   0.000000000e+00   0.000000000e+00
         0.000000000e+00   1.000000000e+00   0.000000000e+00   0.000000000e+00
         0.000000000e+00   0.000000000e+00   1.000000000e+00   5.169642800e+01
/

&TRIAD
  id = 236
  extId = 74 1
  nDOFs = 6
  ur  =  1.000000000e+00   0.000000000e+00   0.000000000e+00   0.000000000e+00
         0.000000000e+00   1.000000000e+00   0.000000000e+00   0.000000000e+00
         0.000000000e+00   0.000000000e+00   1.000000000e+00   5.242509600e+01
/

&TRIAD
  id = 239
  extId = 75 1
  nDOFs = 6
  ur  =  1.000000000e+00   0.000000000e+00   0.000000000e+00   0.000000000e+00
         0.000000000e+00   1.000000000e+00   0.000000000e+00   0.000000000e+00
         0.000000000e+00   0.000000000e+00   1.000000000e+00   5.315376400e+01
/

&TRIAD
  id = 242
  extId = 76 1
  extDescr = 'Platform'
  nDOFs = 6
  ur  =  1.000000000e+00   0.000000000e+00   0.000000000e+00   0.000000000e+00
         0.000000000e+00   1.000000000e+00   0.000000000e+00   0.000000000e+00
         0.000000000e+00   0.000000000e+00   1.000000000e+00   5.388243200e+01
/

&TRIAD
  id = 245
  extId = 77 1
  extDescr = 'Sensor 31'
  nDOFs = 6
  ur  =  1.000000000e+00   0.000000000e+00   0.000000000e+00   0.000000000e+00
         0.000000000e+00   1.000000000e+00   0.000000000e+00   0.000000000e+00
         0.000000000e+00   0.000000000e+00   1.000000000e+00   5.428180000e+01
/

&TRIAD
  id = 248
  extId = 78 1
  extDescr = 'Flange 3'
  nDOFs = 6
  ur  =  1.000000000e+00   0.000000000e+00   0.000000000e+00   0.000000000e+00
         0.000000000e+00   1.000000000e+00   0.000000000e+00   0.000000000e+00
         0.000000000e+00   0.000000000e+00   1.000000000e+00   5.461110000e+01
/

&TRIAD
  id = 251
  extId = 79 1
  nDOFs = 6
  ur  =  1.000000000e+00   0.000000000e+00   0.000000000e+00   0.000000000e+00
         0.000000000e+00   1.000000000e+00   0.000000000e+00   0.000000000e+00
         0.000000000e+00   0.000000000e+00   1.000000000e+00   5.550072000e+01
/

&TRIAD
  id = 254
  extId = 80 1
  nDOFs = 6
  ur  =  1.000000000e+00   0.000000000e+00   0.000000000e+00   0.000000000e+00
         0.000000000e+00   1.000000000e+00   0.000000000e+00   0.000000000e+00
         0.000000000e+00   0.000000000e+00   1.000000000e+00   5.639034000e+01
/

&TRIAD
  id = 257
  extId = 81 1
  nDOFs = 6
  ur  =  1.000000000e+00   0.000000000e+00   0.000000000e+00   0.000000000e+00
         0.000000000e+00   1.000000000e+00   0.000000000e+00   0.000000000e+00
         0.000000000e+00   0.000000000e+00   1.000000000e+00   5.727996000e+01
/

&TRIAD
  id = 260
  extId = 82 1
  nDOFs = 6
  ur  =  1.000000000e+00   0.000000000e+00   0.000000000e+00   0.000000000e+00
         0.000000000e+00   1.000000000e+00   0.000000000e+00   0.000000000e+00
         0.000000000e+00   0.000000000e+00   1.000000000e+00   5.816958000e+01
/

&TRIAD
  id = 263
  extId = 83 1
  nDOFs = 6
  ur  =  1.000000000e+00   0.000000000e+00   0.000000000e+00   0.000000000e+00
         0.000000000e+00   1.000000000e+00   0.000000000e+00   0.000000000e+00
         0.000000000e+00   0.000000000e+00   1.000000000e+00   5.905920000e+01
/

&TRIAD
  id = 266
  extId = 84 1
  nDOFs = 6
  ur  =  1.000000000e+00   0.000000000e+00   0.000000000e+00   0.000000000e+00
         0.000000000e+00   1.000000000e+00   0.000000000e+00   0.000000000e+00
         0.000000000e+00   0.000000000e+00   1.000000000e+00   5.994882000e+01
/

&TRIAD
  id = 269
  extId = 85 1
  nDOFs = 6
  ur  =  1.000000000e+00   0.000000000e+00   0.000000000e+00   0.000000000e+00
         0.000000000e+00   1.000000000e+00   0.000000000e+00   0.000000000e+00
         0.000000000e+00   0.000000000e+00   1.000000000e+00   6.083844000e+01
/

&TRIAD
  id = 272
  extId = 86 1
  nDOFs = 6
  ur  =  1.000000000e+00   0.000000000e+00   0.000000000e+00   0.000000000e+00
         0.000000000e+00   1.000000000e+00   0.000000000e+00   0.000000000e+00
         0.000000000e+00   0.000000000e+00   1.000000000e+00   6.172806000e+01
/

&TRIAD
  id = 275
  extId = 87 1
  nDOFs = 6
  ur  =  1.000000000e+00   0.000000000e+00   0.000000000e+00   0.000000000e+00
         0.000000000e+00   1.000000000e+00   0.000000000e+00   0.000000000e+00
         0.000000000e+00   0.000000000e+00   1.000000000e+00   6.261768000e+01
/

&TRIAD
  id = 278
  extId = 88 1
  nDOFs = 6
  ur  =  1.000000000e+00   0.000000000e+00   0.000000000e+00   0.000000000e+00
         0.000000000e+00   1.000000000e+00   0.000000000e+00   0.000000000e+00
         0.000000000e+00   0.000000000e+00   1.000000000e+00   6.350730000e+01
/

&TRIAD
  id = 281
  extId = 89 1
  nDOFs = 6
  ur  =  1.000000000e+00   0.000000000e+00   0.000000000e+00   0.000000000e+00
         0.000000000e+00   1.000000000e+00   0.000000000e+00   0.000000000e+00
         0.000000000e+00   0.000000000e+00   1.000000000e+00   6.439692000e+01
/

&TRIAD
  id = 284
  extId = 90 1
  nDOFs = 6
  ur  =  1.000000000e+00   0.000000000e+00   0.000000000e+00   0.000000000e+00
         0.000000000e+00   1.000000000e+00   0.000000000e+00   0.000000000e+00
         0.000000000e+00   0.000000000e+00   1.000000000e+00   6.528654000e+01
/

&TRIAD
  id = 287
  extId = 91 1
  nDOFs = 6
  ur  =  1.000000000e+00   0.000000000e+00   0.000000000e+00   0.000000000e+00
         0.000000000e+00   1.000000000e+00   0.000000000e+00   0.000000000e+00
         0.000000000e+00   0.000000000e+00   1.000000000e+00   6.617616000e+01
/

&TRIAD
  id = 290
  extId = 92 1
  nDOFs = 6
  ur  =  1.000000000e+00   0.000000000e+00   0.000000000e+00   0.000000000e+00
         0.000000000e+00   1.000000000e+00   0.000000000e+00   0.000000000e+00
         0.000000000e+00   0.000000000e+00   1.000000000e+00   6.706578000e+01
/

&TRIAD
  id = 293
  extId = 93 1
  nDOFs = 6
  ur  =  1.000000000e+00   0.000000000e+00   0.000000000e+00   0.000000000e+00
         0.000000000e+00   1.000000000e+00   0.000000000e+00   0.000000000e+00
         0.000000000e+00   0.000000000e+00   1.000000000e+00   6.795540000e+01
/

&TRIAD
  id = 296
  extId = 94 1
  nDOFs = 6
  ur  =  1.000000000e+00   0.000000000e+00   0.000000000e+00   0.000000000e+00
         0.000000000e+00   1.000000000e+00   0.000000000e+00   0.000000000e+00
         0.000000000e+00   0.000000000e+00   1.000000000e+00   6.884502000e+01
/

&TRIAD
  id = 299
  extId = 95 1
  nDOFs = 6
  ur  =  1.000000000e+00   0.000000000e+00   0.000000000e+00   0.000000000e+00
         0.000000000e+00   1.000000000e+00   0.000000000e+00   0.000000000e+00
         0.000000000e+00   0.000000000e+00   1.000000000e+00   6.973464000e+01
/

&TRIAD
  id = 302
  extId = 96 1
  nDOFs = 6
  ur  =  1.000000000e+00   0.000000000e+00   0.000000000e+00   0.000000000e+00
         0.000000000e+00   1.000000000e+00   0.000000000e+00   0.000000000e+00
         0.000000000e+00   0.000000000e+00   1.000000000e+00   7.062426000e+01
/

&TRIAD
  id = 305
  extId = 97 1
  nDOFs = 6
  ur  =  1.000000000e+00   0.000000000e+00   0.000000000e+00   0.000000000e+00
         0.000000000e+00   1.000000000e+00   0.000000000e+00   0.000000000e+00
         0.000000000e+00   0.000000000e+00   1.000000000e+00   7.151388000e+01
/

&TRIAD
  id = 308
  extId = 98 1
  nDOFs = 6
  ur  =  1.000000000e+00   0.000000000e+00   0.000000000e+00   0.000000000e+00
         0.000000000e+00   1.000000000e+00   0.000000000e+00   0.000000000e+00
         0.000000000e+00   0.000000000e+00   1.000000000e+00   7.240350000e+01
/

&TRIAD
  id = 311
  extId = 99 1
  nDOFs = 6
  ur  =  1.000000000e+00   0.000000000e+00   0.000000000e+00   0.000000000e+00
         0.000000000e+00   1.000000000e+00   0.000000000e+00   0.000000000e+00
         0.000000000e+00   0.000000000e+00   1.000000000e+00   7.329312000e+01
/

&TRIAD
  id = 314
  extId = 100 1
  nDOFs = 6
  ur  =  1.000000000e+00   0.000000000e+00   0.000000000e+00   0.000000000e+00
         0.000000000e+00   1.000000000e+00   0.000000000e+00   0.000000000e+00
         0.000000000e+00   0.000000000e+00   1.000000000e+00   7.418274000e+01
/

&TRIAD
  id = 317
  extId = 101 1
  extDescr = 'Platform'
  nDOFs = 6
  ur  =  1.000000000e+00   0.000000000e+00   0.000000000e+00   0.000000000e+00
         0.000000000e+00   1.000000000e+00   0.000000000e+00   0.000000000e+00
         0.000000000e+00   0.000000000e+00   1.000000000e+00   7.507236000e+01
/

&TRIAD
  id = 320
  extId = 102 1
  nDOFs = 6
  ur  =  1.000000000e+00   0.000000000e+00   0.000000000e+00   0.000000000e+00
         0.000000000e+00   1.000000000e+00   0.000000000e+00   0.000000000e+00
         0.000000000e+00   0.000000000e+00   1.000000000e+00   7.596198000e+01
/

&TRIAD
  id = 323
  extId = 103 1
  extDescr = 'Sensor 30 IMU'
  nDOFs = 6
  ur  =  1.000000000e+00   0.000000000e+00   0.000000000e+00   0.000000000e+00
         0.000000000e+00   1.000000000e+00   0.000000000e+00   0.000000000e+00
         0.000000000e+00   0.000000000e+00   1.000000000e+00   7.685160000e+01
/

&TRIAD
  id = 4488
  extId = 104 1
  nDOFs = 6
  ur  = -1.000000000e+00   0.000000000e+00   0.000000000e+00   0.000000000e+00
         0.000000000e+00  -1.000000000e+00   0.000000000e+00   0.000000000e+00
         0.000000000e+00   0.000000000e+00   1.000000000e+00   5.078919890e+00
/

&TRIAD
  id = 3571
  extId = 1 3 2
  extDescr = 'Nacelle-yaw'
  nDOFs = 6
  ur  =  1.000000000e+00   0.000000000e+00   0.000000000e+00   0.000000000e+00
         0.000000000e+00   1.000000000e+00   0.000000000e+00   0.000000000e+00
         0.000000000e+00   0.000000000e+00   1.000000000e+00   7.685160000e+01
/

&TRIAD
  id = 82
  extId = 2 3 2
  extDescr = 'Main frame'
  nDOFs = 6
  ur  =  0.000000000e+00   8.715574000e-02   9.961947000e-01  -1.916678600e+00
         1.000000000e+00   0.000000000e+00   0.000000000e+00   0.000000000e+00
         0.000000000e+00   9.961947000e-01  -8.715574000e-02   7.865238765e+01
/

&TRIAD
  id = 3565
  extId = 3 3 2
  extDescr = 'Main frame'
  nDOFs = 6
  ur  =  0.000000000e+00   8.715574000e-02   9.961947000e-01   2.649877900e-01
         1.000000000e+00   0.000000000e+00   0.000000000e+00   0.000000000e+00
         0.000000000e+00   9.961947000e-01  -8.715574000e-02   7.846151657e+01
/

&TRIAD
  id = 3566
  extId = 1 3 2 1
  extDescr = 'Hub'
  nDOFs = 6
  ur  =  0.000000000e+00   8.715574087e-02   9.961947199e-01  -2.649877900e+00
         1.000000010e+00   0.000000000e+00   0.000000000e+00  -1.000000000e-08
         0.000000000e+00   9.961947100e-01  -8.715574174e-02   7.871653428e+01
/

&TRIAD
  id = 3567
  extId = 2 3 2 1
  extDescr = 'Shaft'
  nDOFs = 6
  ur  =  0.000000000e+00   8.715574000e-02   9.961947000e-01  -1.916678591e+00
         1.000000000e+00   0.000000000e+00   0.000000000e+00   0.000000000e+00
         0.000000000e+00   9.961947000e-01  -8.715574000e-02   7.865238765e+01
/

&TRIAD
  id = 85
  extId = 3 3 2 1
  extDescr = 'Shaft'
  nDOFs = 6
  ur  =  0.000000000e+00   8.715574000e-02   9.961947000e-01   2.649877922e-01
         1.000000000e+00   0.000000000e+00   0.000000000e+00   0.000000000e+00
         0.000000000e+00   9.961947000e-01  -8.715574000e-02   7.846151658e+01
/

&TRIAD
  id = 3568
  extId = 4 3 2 1
  extDescr = 'Azimuth'
  nDOFs = 6
  ur  =  0.000000000e+00   8.715574000e-02   9.961947000e-01   1.448467096e+00
         1.000000000e+00   0.000000000e+00   0.000000000e+00   0.000000000e+00
         0.000000000e+00   9.961947000e-01  -8.715574000e-02   7.835797557e+01
/

&TRIAD
  id = 3569
  extId = 1 3 2 2
  extDescr = 'Shaft'
  nDOFs = 6
  ur  =  0.000000000e+00   8.715574000e-02   9.961947000e-01   1.448467090e+00
         1.000000000e+00   0.000000000e+00   0.000000000e+00   0.000000000e+00
         0.000000000e+00   9.961947000e-01  -8.715574000e-02   7.835797555e+01
/

&TRIAD
  id = 3570
  extId = 2 3 2 2
  extDescr = 'Gear'
  nDOFs = 6
  ur  =  0.000000000e+00   8.715574000e-02   9.961947000e-01   2.186505110e+00
         1.000000000e+00   0.000000000e+00   0.000000000e+00   0.000000000e+00
         0.000000000e+00   9.961947000e-01  -8.715574000e-02   7.876218945e+01
/

&TRIAD
  id = 97
  extId = 1 3 2 3
  extDescr = 'Gear'
  nDOFs = 6
  ur  =  0.000000000e+00   8.715574000e-02   9.961947000e-01   2.186505110e+00
         1.000000000e+00   0.000000000e+00   0.000000000e+00   0.000000000e+00
         0.000000000e+00   9.961947000e-01  -8.715574000e-02   7.876218945e+01
/

&TRIAD
  id = 100
  extId = 2 3 2 3
  extDescr = 'Generator'
  nDOFs = 6
  ur  =  0.000000000e+00   8.715574000e-02   9.961947000e-01   4.146020085e+00
         1.000000000e+00   0.000000000e+00   0.000000000e+00   0.000000000e+00
         0.000000000e+00   9.961947000e-01  -8.715574000e-02   7.859075411e+01
/

&TRIAD
  id = 3581
  extId = 1 3 2 4
  extDescr = 'Generator'
  nDOFs = 6
  ur  =  0.000000000e+00   8.715574000e-02   9.961947000e-01   4.146020080e+00
         1.000000000e+00   0.000000000e+00   0.000000000e+00   0.000000000e+00
         0.000000000e+00   9.961947000e-01  -8.715574000e-02   7.859075411e+01
/

&TRIAD
  id = 103
  extId = 1 3 3
  extDescr = 'Hub'
  nDOFs = 6
  ur  =  0.000000000e+00   8.715574000e-02   9.961947000e-01  -2.649877890e+00
         1.000000000e+00   0.000000000e+00   0.000000000e+00   0.000000000e+00
         0.000000000e+00   9.961947000e-01  -8.715574000e-02   7.871653428e+01
/

&TRIAD
  id = 3582
  extId = 2 3 3
  extDescr = 'Cone 1'
  nDOFs = 6
  ur  =  9.986295398e-01   0.000000000e+00   5.233595041e-02  -3.988393992e+00
         0.000000000e+00   1.000000000e+00   0.000000000e+00   0.000000000e+00
        -5.233595041e-02   0.000000000e+00   9.986295398e-01   7.991008182e+01
/

&TRIAD
  id = 3583
  extId = 3 3 3
  extDescr = 'Cone 2'
  nDOFs = 6
  ur  =  9.940670022e-01   7.547908460e-02  -7.831802017e-02  -4.128585703e+00
        -3.022385000e-02  -5.000000000e-01  -8.654978400e-01  -9.286791900e-01
        -1.044859958e-01   8.627299135e-01  -4.947522273e-01   7.830768317e+01
/

&TRIAD
  id = 466
  extId = 4 3 3
  extDescr = 'Cone 3'
  nDOFs = 6
  ur  =  9.940670022e-01  -7.547908460e-02  -7.831802017e-02  -4.128585703e+00
         3.022385000e-02  -5.000000000e-01   8.654978400e-01   9.286791900e-01
        -1.044859958e-01  -8.627299135e-01  -4.947522273e-01   7.830768317e+01
/

&SUP_EL
  id = 4485
  extId = 1 1
  extDescr = 'N80_StrainGage'
  inputFiles = 'N80_StrainGage_S.fmx', '',
               'N80_StrainGage_G.fmx',
               'N80_StrainGage_B.fmx', '',
               'N80_StrainGage_SAM.fsm',
               'N80_StrainGage.nas'
  recoveryFlag = 2
  numTriads = 2
  triadIds = 4488 19
  shadowPosAlg = 1
  refTriad1Id = 19, offset1 =  0.000000000e+00   0.000000000e+00   0.000000000e+00
  refTriad2Id = 4488, offset2 =  0.000000000e+00   0.000000000e+00   0.000000000e+00
  refTriad3Id = 19, offset3 =  0.000000000e+00  -5.078919890e+00   0.000000000e+00
  stiffScale =  1.000000000e+00
  massScale  =  1.000000000e+00
  alpha1 =  0.000000000e+00,  alpha2 =  0.000000000e+00
  supPos = -1.000000000e+00   0.000000000e+00   0.000000000e+00   0.000000000e+00
            0.000000000e+00  -1.000000000e+00   0.000000000e+00   0.000000000e+00
            0.000000000e+00   0.000000000e+00   1.000000000e+00   0.000000000e+00
/
&TRIAD_UNDPOS
  supElId = 4485
  triadId = 19
  undPosInSupElSystem =  1.000000000e+00   0.000000000e+00   0.000000000e+00   0.000000000e+00
                         0.000000000e+00   1.000000000e+00   0.000000000e+00   0.000000000e+00
                         0.000000000e+00   0.000000000e+00   1.000000000e+00   0.000000000e+00
/
&TRIAD_UNDPOS
  supElId = 4485
  triadId = 4488
  undPosInSupElSystem =  1.000000000e+00   0.000000000e+00   0.000000000e+00   0.000000000e+00
                         0.000000000e+00   1.000000000e+00   0.000000000e+00   0.000000000e+00
                         0.000000000e+00   0.000000000e+00   1.000000000e+00   5.078919890e+00
/

&SUP_EL
  id = 3579
  extId = 1 3 2
  extDescr = 'Nacelle'
  numTriads = 7
  triadIds = -3579 3569 3581 3571 3570 82 3565
  shadowPosAlg = 1
  refTriad1Id = 3581, offset1 =  0.000000000e+00   0.000000000e+00   0.000000000e+00
  refTriad2Id = 82, offset2 =  0.000000000e+00   0.000000000e+00   0.000000000e+00
  refTriad3Id = 3571, offset3 = -6.163354000e-02   0.000000000e+00  -6.062698680e+00
  stiffScale =  1.000000000e+00
  massScale  =  1.000000000e+00
  alpha1 =  0.000000000e+00,  alpha2 =  1.000000000e-03
  supPos =  1.000000000e+00   0.000000000e+00   0.000000000e+00   0.000000000e+00
            0.000000000e+00   1.000000000e+00   0.000000000e+00   0.000000000e+00
            0.000000000e+00   0.000000000e+00   1.000000000e+00   7.685160000e+01
/

! Center of Gravity solver triad
&TRIAD
  id = -3579
  nDOFs = 6
  ur  =  1.000000000e+00   0.000000000e+00   0.000000000e+00  -1.887000000e+00
         0.000000000e+00   1.000000000e+00   0.000000000e+00   0.000000000e+00
         0.000000000e+00   0.000000000e+00   1.000000000e+00   7.809670000e+01
/

&TRIAD_UNDPOS
  supElId = 3579
  triadId = -3579
  undPosInSupElSystem =  1.000000000e+00   0.000000000e+00   0.000000000e+00  -1.887000000e+00
                         0.000000000e+00   1.000000000e+00   0.000000000e+00   0.000000000e+00
                         0.000000000e+00   0.000000000e+00   1.000000000e+00   1.245100000e+00
/
&TRIAD_UNDPOS
  supElId = 3579
  triadId = 3569
  undPosInSupElSystem =  0.000000000e+00   1.000000000e+00   0.000000000e+00   1.448467090e+00
                         8.715574000e-02   0.000000000e+00   9.961947000e-01   0.000000000e+00
                         9.961947000e-01   0.000000000e+00  -8.715574000e-02   1.506375550e+00
/
&TRIAD_UNDPOS
  supElId = 3579
  triadId = 3581
  undPosInSupElSystem =  0.000000000e+00   1.000000000e+00   0.000000000e+00   4.146020080e+00
                         8.715574000e-02   0.000000000e+00   9.961947000e-01   0.000000000e+00
                         9.961947000e-01   0.000000000e+00  -8.715574000e-02   1.739154110e+00
/
&TRIAD_UNDPOS
  supElId = 3579
  triadId = 3571
  undPosInSupElSystem =  1.000000000e+00   0.000000000e+00   0.000000000e+00   0.000000000e+00
                         0.000000000e+00   1.000000000e+00   0.000000000e+00   0.000000000e+00
                         0.000000000e+00   0.000000000e+00   1.000000000e+00   0.000000000e+00
/
&TRIAD_UNDPOS
  supElId = 3579
  triadId = 3570
  undPosInSupElSystem =  0.000000000e+00   1.000000000e+00   0.000000000e+00   2.186505110e+00
                         8.715574000e-02   0.000000000e+00   9.961947000e-01   0.000000000e+00
                         9.961947000e-01   0.000000000e+00  -8.715574000e-02   1.910589450e+00
/
&TRIAD_UNDPOS
  supElId = 3579
  triadId = 82
  undPosInSupElSystem =  0.000000000e+00   1.000000000e+00   0.000000000e+00  -1.916678600e+00
                         8.715574000e-02   0.000000000e+00   9.961947000e-01   0.000000000e+00
                         9.961947000e-01   0.000000000e+00  -8.715574000e-02   1.800787650e+00
/
&TRIAD_UNDPOS
  supElId = 3579
  triadId = 3565
  undPosInSupElSystem =  0.000000000e+00   1.000000000e+00   0.000000000e+00   2.649877900e-01
                         8.715574000e-02   0.000000000e+00   9.961947000e-01   0.000000000e+00
                         9.961947000e-01   0.000000000e+00  -8.715574000e-02   1.609916570e+00
/

&GENERIC_PART
  supElId =  3579
  mass    =   6.320000000e+04
  inertia =   0.000000000e+00   0.000000000e+00   0.000000000e+00   0.000000000e+00   0.000000000e+00   0.000000000e+00
  kt      =   1.000000000e+14
  kr      =   8.000000000e+08
/

&SUP_EL
  id = 3580
  extId = 1 3 3
  extDescr = 'Hub'
  numTriads = 5
  triadIds = -3580 103 3582 3583 466
  shadowPosAlg = 1
  refTriad1Id = 3583, offset1 =  0.000000000e+00   0.000000000e+00   0.000000000e+00
  refTriad2Id = 466, offset2 =  0.000000000e+00   0.000000000e+00   0.000000000e+00
  refTriad3Id = 3582, offset3 =  0.000000000e+00   0.000000000e+00   0.000000000e+00
  stiffScale =  1.000000000e+00
  massScale  =  1.000000000e+00
  alpha1 =  0.000000000e+00,  alpha2 =  1.000000000e-03
  supPos =  9.961947000e-01   0.000000000e+00   8.715574000e-02  -4.044550470e+00
            0.000000000e+00   1.000000000e+00   0.000000000e+00   0.000000000e+00
           -8.715574000e-02   0.000000000e+00   9.961947000e-01   7.883855232e+01
/

! Center of Gravity solver triad
&TRIAD
  id = -3580
  nDOFs = 6
  ur  =  9.961946983e-01   0.000000000e+00   8.715573986e-02  -4.044550500e+00
         0.000000000e+00   1.000000000e+00   0.000000000e+00   0.000000000e+00
        -8.715573986e-02   0.000000000e+00   9.961946983e-01   7.883855232e+01
/

&TRIAD_UNDPOS
  supElId = 3580
  triadId = -3580
