 integer, parameter :: seId1 =     4485
 integer, parameter :: ndim1 =       24
 double precision, parameter :: smat1(ndim1*ndim1) = (/ &
 2.825169245663757E+09, 3.306116665742565E+05, 5.919230426083393E+05, 1.184123249785997E+06,-7.128106418277313E+09,-1.259557078425341E+09,-2.825169244034036E+09,-3.306116967661856E+05,-5.919230120093524E+05, 4.954248033567965E+05,-7.220666921806293E+09, 1.259557078545796E+09, 0.000000000000000E+00, 0.000000000000000E+00, 0.000000000000000E+00, 0.000000000000000E+00, 0.000000000000000E+00, 0.000000000000000E+00, 0.000000000000000E+00, 0.000000000000000E+00, 0.000000000000000E+00, 0.000000000000000E+00, 0.000000000000000E+00, 0.000000000000000E+00, 3.306116665742565E+05, 3.347854722937927E+09,-1.481809742201902E+06, 8.450302648174446E+09,-2.271736761918932E+06,-1.309028866809484E+06,-3.306116901972452E+05,-3.347854721229718E+09, 1.481809751060307E+06, 8.553182632654417E+09, 5.905023072542399E+05, 1.309028623740267E+06, 0.000000000000000E+00, 0.000000000000000E+00, 0.000000000000000E+00, 0.000000000000000E+00, 0.000000000000000E+00, 0.000000000000000E+00, 0.000000000000000E+00, 0.000000000000000E+00, 0.000000000000000E+00, 0.000000000000000E+00, 0.000000000000000E+00, 0.000000000000000E+00, 5.919230426083393E+05,-1.481809742201902E+06, 2.074806109841919E+10, 1.329709210973567E+08, 2.829663143172413E+06, 1.411673632064730E+06,-5.919230097870752E+05, 1.481809692359954E+06,-2.074806109730841E+10,-1.404977151472726E+08,-5.829659724667430E+06,-1.411673698599227E+06, 0.000000000000000E+00, 0.000000000000000E+00, 0.000000000000000E+00, 0.000000000000000E+00, 0.000000000000000E+00, 0.000000000000000E+00, 0.000000000000000E+00, 0.000000000000000E+00, 0.000000000000000E+00, 0.000000000000000E+00, 0.000000000000000E+00, 0.000000000000000E+00, 1.184123249785997E+06, 8.450302648174446E+09, 1.329709210973567E+08, 6.265189024351123E+10, 1.360519384625942E+06,-6.056527477136709E+06,-1.184123236454222E+06,-8.450302646851948E+09,-1.329709213049390E+08,-1.973347984216964E+10,-7.393984638783991E+06, 6.056527039668657E+06, 0.000000000000000E+00, 0.000000000000000E+00, 0.000000000000000E+00, 0.000000000000000E+00, 0.000000000000000E+00,&
 0.000000000000000E+00, 0.000000000000000E+00, 0.000000000000000E+00, 0.000000000000000E+00, 0.000000000000000E+00, 0.000000000000000E+00, 0.000000000000000E+00,-7.128106418277313E+09,-2.271736761918932E+06, 2.829663143172413E+06, 1.360519384625942E+06, 5.963561574716553E+10, 3.178180080835029E+09, 7.128106417287784E+09, 2.271736783779461E+06,-2.829663058678150E+06,-1.289933125774395E+07,-2.343158129778473E+10,-3.178180080603757E+09, 0.000000000000000E+00, 0.000000000000000E+00, 0.000000000000000E+00, 0.000000000000000E+00, 0.000000000000000E+00, 0.000000000000000E+00, 0.000000000000000E+00, 0.000000000000000E+00, 0.000000000000000E+00, 0.000000000000000E+00, 0.000000000000000E+00, 0.000000000000000E+00,-1.259557078425341E+09,-1.309028866809484E+06, 1.411673632064730E+06,-6.056527477136709E+06, 3.178180080835029E+09, 2.905851198185840E+10, 1.259557078550251E+09, 1.309028600351986E+06,-1.411673645754278E+06,-5.909442247972488E+05, 3.218888801765046E+09,-2.905851197643875E+10, 0.000000000000000E+00, 0.000000000000000E+00, 0.000000000000000E+00, 0.000000000000000E+00, 0.000000000000000E+00, 0.000000000000000E+00, 0.000000000000000E+00, 0.000000000000000E+00, 0.000000000000000E+00, 0.000000000000000E+00, 0.000000000000000E+00, 0.000000000000000E+00,-2.825169244034036E+09,-3.306116901972452E+05,-5.919230097870752E+05,-1.184123236454222E+06, 7.128106417287784E+09, 1.259557078550251E+09, 2.825169246542969E+09, 3.306116753496788E+05, 5.919229777461737E+05,-4.954248260623664E+05, 7.220666923252396E+09,-1.259557078271594E+09, 0.000000000000000E+00, 0.000000000000000E+00, 0.000000000000000E+00, 0.000000000000000E+00, 0.000000000000000E+00, 0.000000000000000E+00, 0.000000000000000E+00, 0.000000000000000E+00, 0.000000000000000E+00, 0.000000000000000E+00, 0.000000000000000E+00, 0.000000000000000E+00,-3.306116967661856E+05,-3.347854721229718E+09, 1.481809692359954E+06,-8.450302646851948E+09, 2.271736783779461E+06, 1.309028600351986E+06, 3.306116753496788E+05, 3.347854723910156E+09,-1.481809702329844E+06,-8.553182633962616E+09,&
-5.905022898057848E+05,-1.309029238404054E+06, 0.000000000000000E+00, 0.000000000000000E+00, 0.000000000000000E+00, 0.000000000000000E+00, 0.000000000000000E+00, 0.000000000000000E+00, 0.000000000000000E+00, 0.000000000000000E+00, 0.000000000000000E+00, 0.000000000000000E+00, 0.000000000000000E+00, 0.000000000000000E+00,-5.919230120093524E+05, 1.481809751060307E+06,-2.074806109730841E+10,-1.329709213049390E+08,-2.829663058678150E+06,-1.411673645754278E+06, 5.919229777461737E+05,-1.481809702329844E+06, 2.074806109867188E+10, 1.404977150729861E+08, 5.829660228101254E+06, 1.411673717417300E+06, 0.000000000000000E+00, 0.000000000000000E+00, 0.000000000000000E+00, 0.000000000000000E+00, 0.000000000000000E+00, 0.000000000000000E+00, 0.000000000000000E+00, 0.000000000000000E+00, 0.000000000000000E+00, 0.000000000000000E+00, 0.000000000000000E+00, 0.000000000000000E+00, 4.954248033567965E+05, 8.553182632654417E+09,-1.404977151472726E+08,-1.973347984216964E+10,-1.289933125774395E+07,-5.909442247972488E+05,-4.954248260623664E+05,-8.553182633962616E+09, 1.404977150729861E+08, 6.317440623496875E+10, 1.039167159908152E+07, 5.909447193439603E+05, 0.000000000000000E+00, 0.000000000000000E+00, 0.000000000000000E+00, 0.000000000000000E+00, 0.000000000000000E+00, 0.000000000000000E+00, 0.000000000000000E+00, 0.000000000000000E+00, 0.000000000000000E+00, 0.000000000000000E+00, 0.000000000000000E+00, 0.000000000000000E+00,-7.220666921806293E+09, 5.905023072542399E+05,-5.829659724667430E+06,-7.393984638783991E+06,-2.343158129778473E+10, 3.218888801765046E+09, 7.220666923252396E+09,-5.905022898057848E+05, 5.829660228101254E+06, 1.039167159908152E+07, 6.010580912827344E+10,-3.218888801208269E+09, 0.000000000000000E+00, 0.000000000000000E+00, 0.000000000000000E+00, 0.000000000000000E+00, 0.000000000000000E+00, 0.000000000000000E+00, 0.000000000000000E+00, 0.000000000000000E+00, 0.000000000000000E+00, 0.000000000000000E+00, 0.000000000000000E+00, 0.000000000000000E+00, 1.259557078545796E+09, 1.309028623740267E+06,-1.411673698599227E+06,&
 6.056527039668657E+06,-3.178180080603757E+09,-2.905851197643875E+10,-1.259557078271594E+09,-1.309029238404054E+06, 1.411673717417300E+06, 5.909447193439603E+05,-3.218888801208269E+09, 2.905851198552344E+10, 0.000000000000000E+00, 0.000000000000000E+00, 0.000000000000000E+00, 0.000000000000000E+00, 0.000000000000000E+00, 0.000000000000000E+00, 0.000000000000000E+00, 0.000000000000000E+00, 0.000000000000000E+00, 0.000000000000000E+00, 0.000000000000000E+00, 0.000000000000000E+00, 0.000000000000000E+00, 0.000000000000000E+00, 0.000000000000000E+00, 0.000000000000000E+00, 0.000000000000000E+00, 0.000000000000000E+00, 0.000000000000000E+00, 0.000000000000000E+00, 0.000000000000000E+00, 0.000000000000000E+00, 0.000000000000000E+00, 0.000000000000000E+00, 1.929922592578470E+05, 3.957086675437623E-06, 2.982026748966373E-05, 3.482037091356643E-05,-2.727959100589511E-05,-5.335654464700985E-05, 8.146413942460679E-05, 5.926073049848028E-05,-1.593955143211305E-06, 5.044316643768010E-05,-4.902956630695220E-05,-9.583988456917343E-06, 0.000000000000000E+00, 0.000000000000000E+00, 0.000000000000000E+00, 0.000000000000000E+00, 0.000000000000000E+00, 0.000000000000000E+00, 0.000000000000000E+00, 0.000000000000000E+00, 0.000000000000000E+00, 0.000000000000000E+00, 0.000000000000000E+00, 0.000000000000000E+00, 3.957086675437623E-06, 2.065998111480578E+05, 3.448116297752660E-05,-3.875489996816802E-05,-2.984833909351983E-05, 4.500513126139030E-05, 1.055183269145000E-06,-4.368159873414956E-05,-5.412710873922786E-05,-5.327218337615762E-05,-1.668044259377829E-05, 4.025899874146527E-05, 0.000000000000000E+00, 0.000000000000000E+00, 0.000000000000000E+00, 0.000000000000000E+00, 0.000000000000000E+00, 0.000000000000000E+00, 0.000000000000000E+00, 0.000000000000000E+00, 0.000000000000000E+00, 0.000000000000000E+00, 0.000000000000000E+00, 0.000000000000000E+00, 2.982026748966373E-05, 3.448116297752660E-05, 2.233147940346915E+05,-1.030947868356784E-06, 8.891699680907742E-06,-3.504949965000518E-05, 1.432634249774647E-05, 2.672012106140357E-05,&
 4.332646063296883E-05, 2.605207510668870E-05,-3.036848048204566E-05, 1.752487870721423E-05, 0.000000000000000E+00, 0.000000000000000E+00, 0.000000000000000E+00, 0.000000000000000E+00, 0.000000000000000E+00, 0.000000000000000E+00, 0.000000000000000E+00, 0.000000000000000E+00, 0.000000000000000E+00, 0.000000000000000E+00, 0.000000000000000E+00, 0.000000000000000E+00, 3.482037091356643E-05,-3.875489996816802E-05,-1.030947868356784E-06, 2.432509023594847E+05, 5.380742805224546E-05,-3.452601694409706E-05,-3.706420157478476E-05,-1.192154707070072E-05, 5.315209510484793E-06,-5.251695658996854E-05, 2.432763903286003E-05, 4.441424391881600E-05, 0.000000000000000E+00, 0.000000000000000E+00, 0.000000000000000E+00, 0.000000000000000E+00, 0.000000000000000E+00, 0.000000000000000E+00, 0.000000000000000E+00, 0.000000000000000E+00, 0.000000000000000E+00, 0.000000000000000E+00, 0.000000000000000E+00, 0.000000000000000E+00,-2.727959100589511E-05,-2.984833909351983E-05, 8.891699680907742E-06, 5.380742805224546E-05, 2.800864521941260E+05, 2.017352104278993E-05, 3.714032458803219E-05, 4.307251372193219E-05, 7.856611021214428E-05, 2.386843081522184E-05,-5.029914642959172E-05, 6.345312792943970E-05, 0.000000000000000E+00, 0.000000000000000E+00, 0.000000000000000E+00, 0.000000000000000E+00, 0.000000000000000E+00, 0.000000000000000E+00, 0.000000000000000E+00, 0.000000000000000E+00, 0.000000000000000E+00, 0.000000000000000E+00, 0.000000000000000E+00, 0.000000000000000E+00,-5.335654464700985E-05, 4.500513126139030E-05,-3.504949965000518E-05,-3.452601694409706E-05, 2.017352104278993E-05, 2.961048769878790E+05, 1.607788822144038E-05, 3.597087204560041E-05, 2.210474894804638E-05, 3.727856610151090E-05, 4.061927746498760E-05, 4.548544020803139E-05, 0.000000000000000E+00, 0.000000000000000E+00, 0.000000000000000E+00, 0.000000000000000E+00, 0.000000000000000E+00, 0.000000000000000E+00, 0.000000000000000E+00, 0.000000000000000E+00, 0.000000000000000E+00, 0.000000000000000E+00, 0.000000000000000E+00, 0.000000000000000E+00, 8.146413942460679E-05,&
 1.055183269145000E-06, 1.432634249774647E-05,-3.706420157478476E-05, 3.714032458803219E-05, 1.607788822144038E-05, 3.458285951910394E+05,-6.178409612103838E-05, 1.663449346583261E-05,-1.304126005420125E-05, 1.587277337792778E-05, 1.463184695462982E-05, 0.000000000000000E+00, 0.000000000000000E+00, 0.000000000000000E+00, 0.000000000000000E+00, 0.000000000000000E+00, 0.000000000000000E+00, 0.000000000000000E+00, 0.000000000000000E+00, 0.000000000000000E+00, 0.000000000000000E+00, 0.000000000000000E+00, 0.000000000000000E+00, 5.926073049848028E-05,-4.368159873414956E-05, 2.672012106140357E-05,-1.192154707070072E-05, 4.307251372193219E-05, 3.597087204560041E-05,-6.178409612103838E-05, 3.900318088788053E+05,-4.672914139929843E-05,-5.795719325658844E-05, 4.070513254213117E-06,-2.289909383486280E-05, 0.000000000000000E+00, 0.000000000000000E+00, 0.000000000000000E+00, 0.000000000000000E+00, 0.000000000000000E+00, 0.000000000000000E+00, 0.000000000000000E+00, 0.000000000000000E+00, 0.000000000000000E+00, 0.000000000000000E+00, 0.000000000000000E+00, 0.000000000000000E+00,-1.593955143211305E-06,-5.412710873922786E-05, 4.332646063296883E-05, 5.315209510484793E-06, 7.856611021214428E-05, 2.210474894804638E-05, 1.663449346583261E-05,-4.672914139929843E-05, 4.805664023300376E+05,-3.405706831589991E-05, 7.389177623402972E-06,-5.159297173487336E-05, 0.000000000000000E+00, 0.000000000000000E+00, 0.000000000000000E+00, 0.000000000000000E+00, 0.000000000000000E+00, 0.000000000000000E+00, 0.000000000000000E+00, 0.000000000000000E+00, 0.000000000000000E+00, 0.000000000000000E+00, 0.000000000000000E+00, 0.000000000000000E+00, 5.044316643768010E-05,-5.327218337615762E-05, 2.605207510668870E-05,-5.251695658996854E-05, 2.386843081522184E-05, 3.727856610151090E-05,-1.304126005420125E-05,-5.795719325658844E-05,-3.405706831589991E-05, 5.650029320555638E+05,-4.248342073676775E-05, 4.084451807299965E-05, 0.000000000000000E+00, 0.000000000000000E+00, 0.000000000000000E+00, 0.000000000000000E+00, 0.000000000000000E+00, 0.000000000000000E+00,&
 0.000000000000000E+00, 0.000000000000000E+00, 0.000000000000000E+00, 0.000000000000000E+00, 0.000000000000000E+00, 0.000000000000000E+00,-4.902956630695220E-05,-1.668044259377829E-05,-3.036848048204566E-05, 2.432763903286003E-05,-5.029914642959172E-05, 4.061927746498760E-05, 1.587277337792778E-05, 4.070513254213117E-06, 7.389177623402972E-06,-4.248342073676775E-05, 5.789095597258548E+05,-1.645206109856362E-05, 0.000000000000000E+00, 0.000000000000000E+00, 0.000000000000000E+00, 0.000000000000000E+00, 0.000000000000000E+00, 0.000000000000000E+00, 0.000000000000000E+00, 0.000000000000000E+00, 0.000000000000000E+00, 0.000000000000000E+00, 0.000000000000000E+00, 0.000000000000000E+00,-9.583988456917343E-06, 4.025899874146527E-05, 1.752487870721423E-05, 4.441424391881600E-05, 6.345312792943970E-05, 4.548544020803139E-05, 1.463184695462982E-05,-2.289909383486280E-05,-5.159297173487336E-05, 4.084451807299965E-05,-1.645206109856362E-05, 6.073925321611435E+05 /)
 double precision, parameter :: mmat1(ndim1*ndim1) = (/ &
 7.235954739509542E+03,-1.175151899679508E+00,-6.025361593951686E-01,-2.332385321113402E+00,-3.740099290512340E+03, 1.124945430769824E+03, 2.845763954231284E+03,-8.870322112076510E-01, 3.795829660897334E-01,-6.511379099315492E-01, 2.909687130281387E+03,-8.430957082951234E+02, 1.914527456018855E+00,-6.115196613742771E-02, 5.575821754145055E-01, 6.486560006810514E-02,-1.612485608891732E-02,-1.967574636334315E+00,-1.410019016535529E-01, 8.845811326077824E-02,-1.899947157381492E-03,-3.167324131876840E+00,-1.067623766617871E+01,-6.710151068524950E-02,-1.175151899679508E+00, 6.755058213030395E+03, 1.830172727044175E+02, 2.368094180489290E+03, 3.489320172132720E+00,-2.597174228632536E+00,-6.229764033127416E-01, 3.289424106791871E+03,-1.585731862358330E+02,-3.539466195433624E+03, 6.296676367523273E-01, 7.920217881320273E-01,-4.068681959256527E-02,-2.555090834417331E+00, 1.257817863277345E-01, 6.738106417533236E-01, 6.732738510865248E+00,-2.833402680692386E-02,-3.755697669813327E-02,-2.987637994153941E-01, 1.407458846048661E+01, 1.803061581965901E-02, 3.565755977712874E-02, 3.424592701763569E-01,-6.025361593951686E-01, 1.830172727044175E+02, 7.114839082375297E+03,-2.475154497508051E+02, 3.818472426686231E+00,-1.165459784101166E+00, 7.196396409354319E-01, 1.639374291643708E+02, 2.943002527145058E+03, 6.466268540574124E+01, 8.007773310249733E-01, 1.488864458735403E+00, 3.371103214912494E-02,-2.745253981043551E+00, 6.237851962700191E-02,-5.811412709967148E-03, 6.499151530813551E+00, 3.130054970450444E-02,-3.235152392697721E-02,-8.434653181626582E-01, 8.544581884811722E+00, 3.020229147873966E-02, 3.268534981947735E-03, 4.801788630697251E-02,-2.332385321113402E+00, 2.368094180489290E+03,-2.475154497508051E+02, 1.327205408087227E+04, 3.230987056745547E+00, 1.434972381622279E+00,-3.717446205043479E+00, 3.397363717946033E+03, 6.460480741893967E+01, 8.098709437424347E+02,-3.277764287737321E+00,-1.761213000160913E+00, 2.330203059953911E-02, 2.856675511394286E+00,-1.868321650643839E-01, 4.536212436333024E-01,-6.124292181513700E+00,&
-1.972955749232367E-02,-4.120140053843910E-02, 8.889157559027463E-01,-1.734936521851419E+00,-9.089162736065512E-03,-3.420343358874038E-02, 5.877309350280076E-02,-3.740099290512340E+03, 3.489320172132720E+00, 3.818472426686231E+00, 3.230987056745547E+00, 1.521169700176983E+04,-2.089249358419953E+03,-2.852933401629336E+03, 2.745373504814609E+00,-1.393848621377974E+00,-1.158327131091819E-01, 2.419925597506129E+03, 1.727036744133253E+03,-9.571094016121742E-01, 1.915848646782907E-01, 4.783067920922411E-01,-2.788394674407498E-01, 2.037881755436501E-02, 2.207858139122249E+00, 1.554722488790433E+00,-1.360889012651951E-01, 5.994583744528287E-02, 9.510486965895954E+00, 2.314843511249286E+01, 1.184449775809569E-01, 1.124945430769824E+03,-2.597174228632536E+00,-1.165459784101166E+00, 1.434972381622279E+00,-2.089249358419953E+03, 2.870744403821624E+04,-7.886281784205881E+02, 3.916711993026381E-01, 9.632671433894074E-01,-1.029574839399256E+00,-1.765340676114699E+03, 1.160476969425466E+04, 2.372074545280919E+00,-1.747904409559985E-01,-1.117198743960774E-01, 1.484106437389575E-01, 5.739586965229565E-02,-2.612267394888593E+00,-1.432862337071580E+00, 2.491441289724276E-01,-1.898474364327977E-01,-9.310911178819811E+00,-2.241169131146032E+01,-6.878501876510881E-02, 2.845763954231284E+03,-6.229764033127416E-01, 7.196396409354319E-01,-3.717446205043479E+00,-2.852933401629336E+03,-7.886281784205881E+02, 8.668611329822141E+03, 2.685160683511485E+00,-4.966864605668211E-01,-2.431133842185157E+00, 3.930970070714806E+03, 9.950169600194092E+02, 5.723154037957092E-01, 6.312529195148239E-02, 5.500147990675320E-01,-7.439476062428552E-02,-4.500216249193483E-03,-7.174285671017413E-01, 8.867451561246376E-01,-7.521224387788303E-02, 5.399809027242398E-02, 5.661636005358435E+00, 9.207566496003890E+00, 1.647981286101357E-02,-8.870322112076510E-01, 3.289424106791871E+03, 1.639374291643708E+02, 3.397363717946033E+03, 2.745373504814609E+00, 3.916711993026381E-01, 2.685160683511485E+00, 8.262187551182848E+03,-1.883815156112847E+02,-2.662511955590835E+03,&
 3.559231810957339E+00,-2.477047487050339E+00,-9.055931793415697E-03,-2.519522341715304E+00, 1.080562210693618E-01, 5.831150613539900E-01, 6.862004402805116E+00, 6.555359584717269E-02, 1.285012447105865E-02,-2.758020561984142E-01, 1.451280562267194E+01, 2.544787684538072E-03, 1.806890601699604E-02,-3.826139842311021E-01, 3.795829660897334E-01,-1.585731862358330E+02, 2.943002527145058E+03, 6.460480741893967E+01,-1.393848621377974E+00, 9.632671433894074E-01,-4.966864605668211E-01,-1.883815156112847E+02, 8.595249844830205E+03,-2.458409316733302E+02, 1.796072230257271E+00,-1.286671813587250E+00,-3.006412730179838E-02, 2.717993703297478E+00,-6.418828304692319E-02, 1.393339418630087E-02,-6.478246555519224E+00,-3.189999607767779E-02, 3.073448072732350E-02, 8.429405940122663E-01,-8.508597725840918E+00,-3.236581720447703E-02,-8.637145098778290E-04, 8.147364639553203E-02,-6.511379099315492E-01,-3.539466195433624E+03, 6.466268540574124E+01, 8.098709437424347E+02,-1.158327131091819E-01,-1.029574839399256E+00,-2.431133842185157E+00,-2.662511955590835E+03,-2.458409316733302E+02, 1.645950485619974E+04, 1.477806547136084E+01, 1.647540899559880E+00,-8.690807102247605E-02,-3.078142970548805E+00, 2.288625356169315E-01,-1.863777112384085E-01, 6.157291369205302E+00,-2.037002015860889E-01,-1.423579808618642E-01,-9.411097103338306E-01, 1.349337562099937E+00, 2.508541975152788E-03, 4.003853988620936E-02,-1.190997338572691E-01, 2.909687130281387E+03, 6.296676367523273E-01, 8.007773310249733E-01,-3.277764287737321E+00, 2.419925597506129E+03,-1.765340676114699E+03, 3.930970070714806E+03, 3.559231810957339E+00, 1.796072230257271E+00, 1.477806547136084E+01, 1.829325070644224E+04, 1.928398230241473E+03,-2.393532532141673E+00, 9.577329184078692E-02,-5.658684605019350E-01,-7.881710767900307E-02, 8.285685496504797E-04, 9.241851254362006E-01, 8.769015049153546E-01,-1.818750681662417E-01, 6.180058291962945E-02, 1.066585657203559E+01, 2.222518649579138E+01, 6.741081031309028E-02,-8.430957082951234E+02, 7.920217881320273E-01, 1.488864458735403E+00,&
-1.761213000160913E+00, 1.727036744133253E+03, 1.160476969425466E+04, 9.950169600194092E+02,-2.477047487050339E+00,-1.286671813587250E+00, 1.647540899559880E+00, 1.928398230241473E+03, 3.460066222882945E+04,-8.775107790344275E-01, 1.546858126176457E-01, 3.059651286392305E-01,-1.768462410735352E-01,-7.950696595955015E-02, 4.630761438030855E-01, 8.297410554689151E-01,-2.284794265813676E-01, 1.416115419854877E-01, 1.021050363568798E+01, 2.152313263757343E+01, 1.163051146934805E-01, 1.914527456018855E+00,-4.068681959256527E-02, 3.371103214912494E-02, 2.330203059953911E-02,-9.571094016121742E-01, 2.372074545280919E+00, 5.723154037957092E-01,-9.055931793415697E-03,-3.006412730179838E-02,-8.690807102247605E-02,-2.393532532141673E+00,-8.775107790344275E-01, 9.999999999999807E-01, 6.303568421120505E-16,-1.983801072066191E-15,-7.219591440922504E-16, 1.924277735040485E-15, 6.743022084348040E-16, 5.211454431512053E-16,-5.974428821697572E-16,-1.123867104131423E-15, 2.190123675945650E-16,-6.598634085375827E-16,-2.541276357824282E-16,-6.115196613742771E-02,-2.555090834417331E+00,-2.745253981043551E+00, 2.856675511394286E+00, 1.915848646782907E-01,-1.747904409559985E-01, 6.312529195148239E-02,-2.519522341715304E+00, 2.717993703297478E+00,-3.078142970548805E+00, 9.577329184078692E-02, 1.546858126176457E-01, 6.303568421120505E-16, 9.999999999999930E-01,-1.096654920003792E-15,-2.730650878192273E-15,-4.533694332665633E-15,-1.485045809156672E-15,-1.373591032681676E-16, 9.381739037235096E-16,-2.206185348783600E-15, 4.620970120218614E-16,-8.400248878162939E-16, 9.394891065769045E-16, 5.575821754145055E-01, 1.257817863277345E-01, 6.237851962700191E-02,-1.868321650643839E-01, 4.783067920922411E-01,-1.117198743960774E-01, 5.500147990675320E-01, 1.080562210693618E-01,-6.418828304692319E-02, 2.288625356169315E-01,-5.658684605019350E-01, 3.059651286392305E-01,-1.983801072066191E-15,-1.096654920003792E-15, 9.999999999999953E-01, 2.594746604055441E-16, 2.258308099392141E-16, 1.256652028893119E-15, 1.080169419879100E-15, 4.587923055335233E-16,&
-3.529932232202910E-15, 7.957696943776637E-17, 1.572444440475243E-15, 7.086082233404337E-16, 6.486560006810514E-02, 6.738106417533236E-01,-5.811412709967148E-03, 4.536212436333024E-01,-2.788394674407498E-01, 1.484106437389575E-01,-7.439476062428552E-02, 5.831150613539900E-01, 1.393339418630087E-02,-1.863777112384085E-01,-7.881710767900307E-02,-1.768462410735352E-01,-7.219591440922504E-16,-2.730650878192273E-15, 2.594746604055441E-16, 1.000000000000009E+00,-5.878695139678196E-16, 1.268395091841783E-15, 5.862271470683907E-16, 2.502407550501614E-15,-4.254829655834208E-15,-6.111896453957238E-16,-1.333531008969520E-15,-2.105771071291002E-16,-1.612485608891732E-02, 6.732738510865248E+00, 6.499151530813551E+00,-6.124292181513700E+00, 2.037881755436501E-02, 5.739586965229565E-02,-4.500216249193483E-03, 6.862004402805116E+00,-6.478246555519224E+00, 6.157291369205302E+00, 8.285685496504797E-04,-7.950696595955015E-02, 1.924277735040485E-15,-4.533694332665633E-15, 2.258308099392141E-16,-5.878695139678196E-16, 1.000000000000006E+00,-2.244483034422210E-15,-5.280323251789661E-16,-1.037713110387455E-15,-7.648373309577803E-15,-4.347787287457811E-16,-1.179624343249276E-15, 3.899771266003201E-16,-1.967574636334315E+00,-2.833402680692386E-02, 3.130054970450444E-02,-1.972955749232367E-02, 2.207858139122249E+00,-2.612267394888593E+00,-7.174285671017413E-01, 6.555359584717269E-02,-3.189999607767779E-02,-2.037002015860889E-01, 9.241851254362006E-01, 4.630761438030855E-01, 6.743022084348040E-16,-1.485045809156672E-15, 1.256652028893119E-15, 1.268395091841783E-15,-2.244483034422210E-15, 1.000000000000015E+00,-4.297365498948545E-15,-2.530230534719721E-15,-1.618917354766965E-16,-4.057154988685335E-16, 4.117082602790801E-16,-1.445605511279091E-15,-1.410019016535529E-01,-3.755697669813327E-02,-3.235152392697721E-02,-4.120140053843910E-02, 1.554722488790433E+00,-1.432862337071580E+00, 8.867451561246376E-01, 1.285012447105865E-02, 3.073448072732350E-02,-1.423579808618642E-01, 8.769015049153546E-01, 8.297410554689151E-01, 5.211454431512053E-16,&
-1.373591032681676E-16, 1.080169419879100E-15, 5.862271470683907E-16,-5.280323251789661E-16,-4.297365498948545E-15, 9.999999999999877E-01, 8.506119170552590E-15,-1.887091522891975E-15, 9.708220744049676E-16,-2.763457536265505E-15,-7.399526151143675E-16, 8.845811326077824E-02,-2.987637994153941E-01,-8.434653181626582E-01, 8.889157559027463E-01,-1.360889012651951E-01, 2.491441289724276E-01,-7.521224387788303E-02,-2.758020561984142E-01, 8.429405940122663E-01,-9.411097103338306E-01,-1.818750681662417E-01,-2.284794265813676E-01,-5.974428821697572E-16, 9.381739037235096E-16, 4.587923055335233E-16, 2.502407550501614E-15,-1.037713110387455E-15,-2.530230534719721E-15, 8.506119170552590E-15, 1.000000000000020E+00,-9.128501625945799E-16, 1.241921746678055E-15,-6.085506819885092E-16, 2.025870674647317E-16,-1.899947157381492E-03, 1.407458846048661E+01, 8.544581884811722E+00,-1.734936521851419E+00, 5.994583744528287E-02,-1.898474364327977E-01, 5.399809027242398E-02, 1.451280562267194E+01,-8.508597725840918E+00, 1.349337562099937E+00, 6.180058291962945E-02, 1.416115419854877E-01,-1.123867104131423E-15,-2.206185348783600E-15,-3.529932232202910E-15,-4.254829655834208E-15,-7.648373309577803E-15,-1.618917354766965E-16,-1.887091522891975E-15,-9.128501625945799E-16, 9.999999999999933E-01, 1.274253968279923E-15, 8.021450301302385E-16, 4.101738818861682E-16,-3.167324131876840E+00, 1.803061581965901E-02, 3.020229147873966E-02,-9.089162736065512E-03, 9.510486965895954E+00,-9.310911178819811E+00, 5.661636005358435E+00, 2.544787684538072E-03,-3.236581720447703E-02, 2.508541975152788E-03, 1.066585657203559E+01, 1.021050363568798E+01, 2.190123675945650E-16, 4.620970120218614E-16, 7.957696943776637E-17,-6.111896453957238E-16,-4.347787287457811E-16,-4.057154988685335E-16, 9.708220744049676E-16, 1.241921746678055E-15, 1.274253968279923E-15, 1.000000000000003E+00, 1.192910986432330E-15,-1.622675823484630E-15,-1.067623766617871E+01, 3.565755977712874E-02, 3.268534981947735E-03,-3.420343358874038E-02, 2.314843511249286E+01,-2.241169131146032E+01,&
 9.207566496003890E+00, 1.806890601699604E-02,-8.637145098778290E-04, 4.003853988620936E-02, 2.222518649579138E+01, 2.152313263757343E+01,-6.598634085375827E-16,-8.400248878162939E-16, 1.572444440475243E-15,-1.333531008969520E-15,-1.179624343249276E-15, 4.117082602790801E-16,-2.763457536265505E-15,-6.085506819885092E-16, 8.021450301302385E-16, 1.192910986432330E-15, 1.000000000000011E+00, 4.996673477699874E-16,-6.710151068524950E-02, 3.424592701763569E-01, 4.801788630697251E-02, 5.877309350280076E-02, 1.184449775809569E-01,-6.878501876510881E-02, 1.647981286101357E-02,-3.826139842311021E-01, 8.147364639553203E-02,-1.190997338572691E-01, 6.741081031309028E-02, 1.163051146934805E-01,-2.541276357824282E-16, 9.394891065769045E-16, 7.086082233404337E-16,-2.105771071291002E-16, 3.899771266003201E-16,-1.445605511279091E-15,-7.399526151143675E-16, 2.025870674647317E-16, 4.101738818861682E-16,-1.622675823484630E-15, 4.996673477699874E-16, 1.000000000000002E+00 /)
 double precision, parameter :: gmat1(ndim1*3) = (/ &
 1.008171869462922E+04,-1.798128347764709E+00, 1.171034643512554E-01,-6.049831510870479E+00,-6.593032692736526E+03, 3.363172521835937E+02, 1.151437528522762E+04, 1.798128418797632E+00,-1.171034717490114E-01,-3.082271770958010E+00, 6.840657202037235E+03, 1.519212519730052E+02, 2.486842848777338E+00, 1.973313869597551E-03, 1.107596990133590E+00,-9.529144496287827E-03,-2.062507832168674E-02,-2.685003173323654E+00, 7.457432634345642E-01, 1.324586157897684E-02, 5.209813736124737E-02, 2.494311874975431E+00,-1.468671171845662E+00,-5.062170313271445E-02,-2.062184150067058E+00, 1.004448232073385E+04, 3.469547018390489E+02, 5.765457899200856E+03, 6.234693706226272E+00,-2.205503173875632E+00, 2.062184248345746E+00, 1.155161165912437E+04,-3.469547018396403E+02,-6.201978151849877E+03, 4.188899441864229E+00,-1.685025847165593E+00,-4.974275550007655E-02,-5.074613149862529E+00, 2.338380094347384E-01, 1.256925720341029E+00, 1.359474292164119E+01, 3.721956667038709E-02,-2.470685194363692E-02,-5.745658558789775E-01, 2.858739408116727E+01, 2.057540564930124E-02, 5.372646566079067E-02,-4.015472587804365E-02,-2.229531922413848E-01, 2.444408646964115E+01, 1.005784160962377E+04,-1.829106423471937E+02, 2.424623840469099E+00,-2.021926536467745E-01, 2.229531867023811E-01,-2.444408644738184E+01, 1.153825237208379E+04,-1.811782462724210E+02, 2.596849609018924E+00, 2.021926591370342E-01, 3.646905002369505E-03,-2.726027806000617E-02,-1.809763363267864E-03, 8.121980458047415E-03, 2.090497540087915E-02,-5.994463206052819E-04,-1.617042843236565E-03,-5.247243313884122E-04, 3.598415937519520E-02,-2.163525697511841E-03, 2.404820641431608E-03, 1.294915328060764E-01 /)
