&HEADING
  modelFile = 'D:\Src\ftKernel.git\solverTests\CamJoint\PearCamWithFriction.fmm'
  version = 3.0
/

&MECHANISM
  id = 0
  extId = 1
  weightTranslation =  2.531645673e+00
  weightRotation    =  1.000000000e+00
  weightGeneralized =  1.000000000e+00
/

&TRIAD
  id = 264
  extId = 1
  nDOFs = 6
  ur  =  1.000000000e+00  -6.000000000e-08  -6.000000000e-08   2.355063000e-02
        -6.000000000e-08   6.000000000e-08  -9.999999400e-01  -1.532000000e-04
         6.000000000e-08   9.999999400e-01   6.000000000e-08   1.000000000e-02
/

&TRIAD
  id = 371
  extId = 2
  nDOFs = 6
  ur  =  1.000000000e+00  -1.139999999e-14  -1.140000000e-14  -2.014493619e-01
        -1.139999999e-14   1.000000000e+00  -3.610000001e-14   6.484677190e-02
        -1.140000000e-14  -3.610000001e-14   1.000000000e+00   1.000002870e-02
/

&TRIAD
  id = 10
  extId = 3
  nDOFs = 6
  ur  = -9.999998800e-01  -8.000000000e-08   2.200000000e-07  -5.144937000e-02
         2.200000000e-07  -7.200000000e-07   9.999999400e-01   6.484680000e-02
        -8.000000000e-08   9.999999400e-01   8.400000000e-07   1.000000000e-02
/

&TRIAD
  id = 372
  extId = 4
  nDOFs = 0
  ur  =  1.000000000e+00   0.000000000e+00   0.000000000e+00  -2.014493600e-01
         0.000000000e+00   1.000000000e+00   0.000000000e+00   6.484677000e-02
         0.000000000e+00   0.000000000e+00   1.000000000e+00   1.000003000e-02
/

&TRIAD
  id = 266
  extId = 8
  nDOFs = 6
  ur  =  6.556402400e-01  -9.000000000e-08   7.550734300e-01   1.480063000e-02
         7.550734300e-01   5.400000000e-07  -6.556401800e-01   1.348269000e-02
        -3.300000000e-07   9.999999400e-01   4.200000000e-07   1.000000000e-02
/

&TRIAD
  id = 18
  extId = 12
  nDOFs = 6
  ur  =  1.000000000e+00  -1.139999999e-14  -1.140000000e-14  -3.714493538e-01
        -1.139999999e-14   1.000000000e+00  -3.610000001e-14   6.484674020e-02
        -1.140000000e-14  -3.610000001e-14   1.000000000e+00   6.099999620e-08
/

&TRIAD
  id = 19
  extId = 13
  nDOFs = 0
  ur  =  1.000000000e+00   0.000000000e+00   0.000000000e+00  -3.714493500e-01
         0.000000000e+00   1.000000000e+00   0.000000000e+00   6.484674000e-02
         0.000000000e+00   0.000000000e+00   1.000000000e+00   6.000000000e-08
/

&TRIAD
  id = 23
  extId = 17
  nDOFs = 6
  ur  =  1.000000000e+00  -1.139999999e-14  -1.140000000e-14  -3.714493500e-01
        -1.139999999e-14   1.000000000e+00  -3.610000001e-14   6.484673900e-02
        -1.140000000e-14  -3.610000001e-14   1.000000000e+00   2.000006100e-02
/

&TRIAD
  id = 24
  extId = 18
  nDOFs = 6
  ur  =  1.000000000e+00   0.000000000e+00   0.000000000e+00  -5.144937000e-02
         0.000000000e+00   1.000000000e+00  -6.000000000e-07  -1.532000000e-04
         0.000000000e+00   6.000000000e-07   1.000000000e+00  -2.000000000e-01
/

&TRIAD
  id = 25
  extId = 19
  nDOFs = 0
  ur  =  1.000000000e+00   0.000000000e+00   0.000000000e+00  -5.144937000e-02
         0.000000000e+00   1.000000000e+00  -6.000000000e-07  -1.532000000e-04
         0.000000000e+00   6.000000000e-07   1.000000000e+00  -2.000000000e-01
/

&TRIAD
  id = 26
  extId = 20
  nDOFs = 0
  ur  =  6.000000000e-08   9.999999400e-01   8.000000000e-08  -5.144937000e-02
         9.999999400e-01   6.000000000e-08  -2.400000000e-07  -1.532000000e-04
        -2.400000000e-07   8.000000000e-08  -9.999998800e-01   2.000000000e-02
/

&TRIAD
  id = 27
  extId = 21
  nDOFs = 0
  ur  =  1.000000000e+00   0.000000000e+00   0.000000000e+00  -3.714493500e-01
         0.000000000e+00   1.000000000e+00   0.000000000e+00   6.484674000e-02
         0.000000000e+00   0.000000000e+00   1.000000000e+00   2.000006000e-02
/

&TRIAD
  id = 28
  extId = 22
  nDOFs = 6
  ur  =  1.000000000e+00   0.000000000e+00   0.000000000e+00  -5.144937000e-02
         0.000000000e+00   1.000000000e+00   0.000000000e+00  -1.532000000e-04
         0.000000000e+00   0.000000000e+00   1.000000000e+00   0.000000000e+00
/

&TRIAD
  id = 29
  extId = 23
  nDOFs = 6
  ur  =  1.000000000e+00   0.000000000e+00  -6.000000000e-08  -5.144937000e-02
         0.000000000e+00   1.000000000e+00   0.000000000e+00   6.484680000e-02
         6.000000000e-08   0.000000000e+00   1.000000000e+00   0.000000000e+00
/

&TRIAD
  id = 31
  extId = 25
  nDOFs = 6
  ur  =  1.000000000e+00  -1.139999999e-14  -6.000001140e-08  -5.144937380e-02
        -1.500000000e-14   1.000000000e+00  -4.750000000e-14   6.484680100e-02
         5.999998860e-08  -3.610000001e-14   1.000000000e+00   1.999999992e-10
  BC = 1 1 1 1 1 2
/

&TRIAD
  id = 34
  extId = 28
  nDOFs = 6
  ur  =  1.000000000e+00  -1.139999999e-14  -1.140000000e-14  -3.714493519e-01
        -1.139999999e-14   1.000000000e+00  -3.610000001e-14   6.484673960e-02
        -1.140000000e-14  -3.610000001e-14   1.000000000e+00   1.000006100e-02
/

&TRIAD
  id = 268
  extId = 29
  nDOFs = 6
  ur  =  4.166665100e-01   2.400000000e-07  -9.090594100e-01   1.480063000e-02
        -9.090594100e-01  -3.600000000e-07  -4.166664200e-01  -1.378909000e-02
        -5.400000000e-07   1.000000000e+00   1.200000000e-07   1.000000000e-02
/

&TRIAD
  id = 35
  extId = 30
  nDOFs = 0
  ur  =  1.000000000e+00   0.000000000e+00   0.000000000e+00  -3.714493500e-01
         0.000000000e+00   1.000000000e+00   0.000000000e+00   6.484674000e-02
         0.000000000e+00   0.000000000e+00   1.000000000e+00   1.000006000e-02
/

&TRIAD
  id = 270
  extId = 31
  nDOFs = 6
  ur  =  4.166669800e-01   6.000000000e-08   9.090591700e-01  -8.950100000e-03
         9.090591700e-01  -3.600000000e-07  -4.166669500e-01   2.436883000e-02
         3.900000000e-07   9.999998800e-01  -2.400000000e-07   1.000000000e-02
/

&TRIAD
  id = 272
  extId = 32
  nDOFs = 6
  ur  =  4.166668700e-01  -1.500000000e-07  -9.090591700e-01  -8.950100000e-03
        -9.090591700e-01   4.800000000e-07  -4.166667500e-01  -2.467522000e-02
         4.200000000e-07   9.999998800e-01   1.200000000e-07   1.000000000e-02
/

&TRIAD
  id = 37
  extId = 33
  nDOFs = 6
  ur  =  1.005088000e-01  -9.949361100e-01  -2.600000000e-07  -5.144937000e-02
         9.949361100e-01   1.005088000e-01  -1.100000000e-07   6.484680000e-02
         1.400000000e-07  -2.500000000e-07   1.000000000e+00   2.000000000e-02
/

&TRIAD
  id = 274
  extId = 34
  nDOFs = 6
  ur  =  4.166669800e-01   1.500000000e-07   9.090592300e-01  -3.478270000e-02
         9.090592900e-01  -1.200000000e-07  -4.166671300e-01   3.620918000e-02
        -6.000000000e-08   1.000000120e+00  -2.400000000e-07   1.000000000e-02
/

&TRIAD
  id = 276
  extId = 35
  nDOFs = 6
  ur  =  3.213455100e-01  -5.400000000e-07  -9.469620000e-01  -3.478270000e-02
        -9.469620000e-01  -1.200000000e-07  -3.213454800e-01  -3.651557000e-02
         6.000000000e-08   1.000000000e+00  -4.800000000e-07   1.000000000e-02
/

&TRIAD
  id = 278
  extId = 36
  nDOFs = 6
  ur  =  1.000000000e+00   0.000000000e+00   0.000000000e+00  -5.144937000e-02
         0.000000000e+00   1.000000000e+00   0.000000000e+00  -1.532000000e-04
         0.000000000e+00   0.000000000e+00   1.000000000e+00   0.000000000e+00
/

&TRIAD
  id = 280
  extId = 37
  nDOFs = 6
  ur  = -6.600000000e-07   9.999999400e-01   8.000000000e-08  -5.144937000e-02
         9.999999400e-01   7.800000000e-07  -2.400000000e-07  -1.532000000e-04
        -2.400000000e-07   8.000000000e-08  -9.999998800e-01   2.000000000e-02
/

&TRIAD
  id = 39
  extId = 38
  nDOFs = 6
  ur  =  1.005088110e-01  -9.949361091e-01  -2.599999905e-07  -5.144937000e-02
         9.949361091e-01   1.005088110e-01  -1.100000855e-07   6.484679980e-02
         1.405994554e-07  -2.549316029e-07   1.000000000e+00   2.000000020e-02
  BC = 1 1 1 1 1 2
/

&TRIAD
  id = 282
  extId = 41
  nDOFs = 6
  ur  = -3.940734900e-01   7.500000000e-07   9.190788900e-01  -7.214619000e-02
         9.190789500e-01   1.200000000e-07   3.940735200e-01   3.407606000e-02
         1.800000000e-07   1.000000000e+00  -7.200000000e-07   1.000000000e-02
/

&TRIAD
  id = 284
  extId = 42
  nDOFs = 6
  ur  = -6.312160500e-01  -2.100000000e-07  -7.756074700e-01  -7.214619000e-02
        -7.756074700e-01   6.000000000e-08   6.312158700e-01  -3.438245000e-02
         9.000000000e-08   1.000000240e+00  -4.800000000e-07   1.000000000e-02
/

&TRIAD
  id = 286
  extId = 43
  nDOFs = 6
  ur  = -9.999998800e-01  -8.000000000e-08   2.200000000e-07  -9.144937000e-02
         2.200000000e-07  -6.000000000e-07   9.999999400e-01  -1.532000000e-04
        -8.000000000e-08   9.999999400e-01   7.200000000e-07   1.000000000e-02
/

&SUP_EL
  id = 5
  extId = 1
  extDescr = 'cam'
  inputFiles = 'cam_S.fmx', 'cam_M.fmx', 'cam_G.fmx'
  numGenDOFs = 0
  numTriads = 12
  triadIds = 264 266 268 270 272 274 276 278 280 282
             284 286
  shadowPosAlg = 1
  refTriad1Id = 286, offset1 =  0.000000000e+00   0.000000000e+00   0.000000000e+00
  refTriad2Id = 264, offset2 =  0.000000000e+00   0.000000000e+00   0.000000000e+00
  refTriad3Id = 274, offset3 = -0.000000000e+00   0.000000000e+00   1.150000000e-01
  stiffScale =  1.000000000e+00
  massScale  =  1.000000000e+00
  alpha1 =  0.000000000e+00,  alpha2 =  5.000000000e-03
  supPos =  1.000000000e+00   0.000000000e+00   0.000000000e+00   0.000000000e+00
            0.000000000e+00   1.000000000e+00   0.000000000e+00   0.000000000e+00
            0.000000000e+00   0.000000000e+00   1.000000000e+00   0.000000000e+00
/
&TRIAD_UNDPOS
  supElId = 5
  triadId = 264
  undPosInSupElSystem =  1.000000000e+00  -6.000000000e-08   6.000000000e-08   2.355063000e-02
                        -6.000000000e-08   6.000000000e-08   9.999999400e-01  -1.532000000e-04
                        -6.000000000e-08  -9.999999400e-01   6.000000000e-08   1.000000000e-02
/
&TRIAD_UNDPOS
  supElId = 5
  triadId = 266
  undPosInSupElSystem =  6.556402400e-01   7.550734300e-01  -3.300000000e-07   1.480063000e-02
                        -9.000000000e-08   5.400000000e-07   9.999999400e-01   1.348269000e-02
                         7.550734300e-01  -6.556401800e-01   4.200000000e-07   1.000000000e-02
/
&TRIAD_UNDPOS
  supElId = 5
  triadId = 268
  undPosInSupElSystem =  4.166665100e-01  -9.090594100e-01  -5.400000000e-07   1.480063000e-02
                         2.400000000e-07  -3.600000000e-07   1.000000000e+00  -1.378909000e-02
                        -9.090594100e-01  -4.166664200e-01   1.200000000e-07   1.000000000e-02
/
&TRIAD_UNDPOS
  supElId = 5
  triadId = 270
  undPosInSupElSystem =  4.166669800e-01   9.090591700e-01   3.900000000e-07  -8.950100000e-03
                         6.000000000e-08  -3.600000000e-07   9.999998800e-01   2.436883000e-02
                         9.090591700e-01  -4.166669500e-01  -2.400000000e-07   1.000000000e-02
/
&TRIAD_UNDPOS
  supElId = 5
  triadId = 272
  undPosInSupElSystem =  4.166668700e-01  -9.090591700e-01   4.200000000e-07  -8.950100000e-03
                        -1.500000000e-07   4.800000000e-07   9.999998800e-01  -2.467522000e-02
                        -9.090591700e-01  -4.166667500e-01   1.200000000e-07   1.000000000e-02
/
&TRIAD_UNDPOS
  supElId = 5
  triadId = 274
  undPosInSupElSystem =  4.166669800e-01   9.090592900e-01  -6.000000000e-08  -3.478270000e-02
                         1.500000000e-07  -1.200000000e-07   1.000000120e+00   3.620918000e-02
                         9.090592300e-01  -4.166671300e-01  -2.400000000e-07   1.000000000e-02
/
&TRIAD_UNDPOS
  supElId = 5
  triadId = 276
  undPosInSupElSystem =  3.213455100e-01  -9.469620000e-01   6.000000000e-08  -3.478270000e-02
                        -5.400000000e-07  -1.200000000e-07   1.000000000e+00  -3.651557000e-02
                        -9.469620000e-01  -3.213454800e-01  -4.800000000e-07   1.000000000e-02
/
&TRIAD_UNDPOS
  supElId = 5
  triadId = 278
  undPosInSupElSystem =  1.000000000e+00   0.000000000e+00   0.000000000e+00  -5.144937000e-02
                         0.000000000e+00   1.000000000e+00   0.000000000e+00  -1.532000000e-04
                         0.000000000e+00   0.000000000e+00   1.000000000e+00   0.000000000e+00
/
&TRIAD_UNDPOS
  supElId = 5
  triadId = 280
  undPosInSupElSystem = -6.600000000e-07   9.999999400e-01  -2.400000000e-07  -5.144937000e-02
                         9.999999400e-01   7.800000000e-07   8.000000000e-08  -1.532000000e-04
                         8.000000000e-08  -2.400000000e-07  -9.999998800e-01   2.000000000e-02
/
&TRIAD_UNDPOS
  supElId = 5
  triadId = 282
  undPosInSupElSystem = -3.940734900e-01   9.190789500e-01   1.800000000e-07  -7.214619000e-02
                         7.500000000e-07   1.200000000e-07   1.000000000e+00   3.407606000e-02
                         9.190788900e-01   3.940735200e-01  -7.200000000e-07   1.000000000e-02
/
&TRIAD_UNDPOS
  supElId = 5
  triadId = 284
  undPosInSupElSystem = -6.312160500e-01  -7.756074700e-01   9.000000000e-08  -7.214619000e-02
                        -2.100000000e-07   6.000000000e-08   1.000000240e+00  -3.438245000e-02
                        -7.756074700e-01   6.312158700e-01  -4.800000000e-07   1.000000000e-02
/
&TRIAD_UNDPOS
  supElId = 5
  triadId = 286
  undPosInSupElSystem = -9.999998800e-01   2.200000000e-07  -8.000000000e-08  -9.144937000e-02
                        -8.000000000e-08  -6.000000000e-07   9.999999400e-01  -1.532000000e-04
                         2.200000000e-07   9.999999400e-01   7.200000000e-07   1.000000000e-02
/

&SUP_EL
  id = 6
  extId = 2
  extDescr = 'wheel'
  inputFiles = 'wheel_S.fmx', 'wheel_M.fmx', 'wheel_G.fmx'
  numGenDOFs = 0
  numTriads = 3
  triadIds = 10 37 29
  shadowPosAlg = 1
  refTriad1Id = 37, offset1 =  0.000000000e+00   0.000000000e+00   0.000000000e+00
  refTriad2Id = 29, offset2 =  0.000000000e+00   0.000000000e+00   0.000000000e+00
  refTriad3Id = 10, offset3 =  0.000000000e+00   2.000000000e-02   0.000000000e+00
  stiffScale =  1.000000000e+00
  massScale  =  1.000000000e+00
  alpha1 =  0.000000000e+00,  alpha2 =  5.000000000e-03
  supPos =  1.000000000e+00   0.000000000e+00   0.000000000e+00   0.000000000e+00
            0.000000000e+00   1.000000000e+00   0.000000000e+00   0.000000000e+00
            0.000000000e+00   0.000000000e+00   1.000000000e+00   0.000000000e+00
/
&TRIAD_UNDPOS
  supElId = 6
  triadId = 10
  undPosInSupElSystem = -9.999998800e-01   2.200000000e-07  -8.000000000e-08  -5.144937000e-02
                        -8.000000000e-08  -7.200000000e-07   9.999999400e-01   6.484680000e-02
                         2.200000000e-07   9.999999400e-01   8.400000000e-07   1.000000000e-02
/
&TRIAD_UNDPOS
  supElId = 6
  triadId = 29
  undPosInSupElSystem =  1.000000000e+00   0.000000000e+00   6.000000000e-08  -5.144937000e-02
                         0.000000000e+00   1.000000000e+00   0.000000000e+00   6.484680000e-02
                        -6.000000000e-08   0.000000000e+00   1.000000000e+00   0.000000000e+00
/
&TRIAD_UNDPOS
  supElId = 6
  triadId = 37
  undPosInSupElSystem =  1.005088000e-01   9.949361100e-01   1.400000000e-07  -5.144937000e-02
                        -9.949361100e-01   1.005088000e-01  -2.500000000e-07   6.484680000e-02
                        -2.600000000e-07  -1.100000000e-07   1.000000000e+00   2.000000000e-02
/

&SUP_EL
  id = 7
  extId = 3
  extDescr = 'Axle'
  inputFiles = 'Axle_S.fmx', 'Axle_M.fmx', 'Axle_G.fmx'
  numGenDOFs = 0
  numTriads = 2
  triadIds = 24 28
  shadowPosAlg = 1
  refTriad1Id = 24, offset1 =  0.000000000e+00   0.000000000e+00   0.000000000e+00
  refTriad2Id = 28, offset2 =  0.000000000e+00   0.000000000e+00   0.000000000e+00
  refTriad3Id = 24, offset3 =  0.000000000e+00  -2.000000000e-01   0.000000000e+00
  stiffScale =  1.000000000e+00
  massScale  =  1.000000000e+00
  alpha1 =  0.000000000e+00,  alpha2 =  5.000000000e-03
  supPos =  1.000000000e+00   0.000000000e+00   0.000000000e+00  -5.144937000e-02
            0.000000000e+00   1.000000000e+00   0.000000000e+00  -1.532000000e-04
            0.000000000e+00   0.000000000e+00   1.000000000e+00  -2.000000000e-01
/
&TRIAD_UNDPOS
  supElId = 7
  triadId = 24
  undPosInSupElSystem =  1.000000000e+00   0.000000000e+00   0.000000000e+00   0.000000000e+00
                         0.000000000e+00   1.000000000e+00   6.000000000e-07   0.000000000e+00
                         0.000000000e+00  -6.000000000e-07   1.000000000e+00   0.000000000e+00
/
&TRIAD_UNDPOS
  supElId = 7
  triadId = 28
  undPosInSupElSystem =  1.000000000e+00   0.000000000e+00   0.000000000e+00   0.000000000e+00
                         0.000000000e+00   1.000000000e+00   0.000000000e+00   0.000000000e+00
                         0.000000000e+00   0.000000000e+00   1.000000000e+00   2.000000000e-01
/

&SUP_EL
  id = 8
  extId = 4
  extDescr = '009_Beam_320x20'
  inputFiles = '009_Beam_320x20_S.fmx', '009_Beam_320x20_M.fmx', '009_Beam_320x20_G.fmx'
  numGenDOFs = 0
  numTriads = 6
  triadIds = 31 39 371 18 34 23
  shadowPosAlg = 1
  refTriad1Id = 31, offset1 =  0.000000000e+00   0.000000000e+00   0.000000000e+00
  refTriad2Id = 23, offset2 =  0.000000000e+00   0.000000000e+00   0.000000000e+00
  refTriad3Id = 18, offset3 =  2.000000000e-02  -3.199999800e-01   0.000000000e+00
  stiffScale =  1.000000000e+00
  massScale  =  1.000000000e+00
  alpha1 =  0.000000000e+00,  alpha2 =  5.000000000e-03
  supPos =  1.000000000e+00  -1.900000000e-07  -1.900000000e-07  -2.114493700e-01
            1.900000000e-07   6.000000000e-08   1.000000000e+00   5.484677000e-02
           -1.900000000e-07  -1.000000000e+00   6.000000000e-08   1.000003000e-02
/
&TRIAD_UNDPOS
  supElId = 8
  triadId = 371
  undPosInSupElSystem =  1.000000000e+00  -1.900000000e-07  -1.900000000e-07   1.000001000e-02
                         1.900000000e-07   6.000000000e-08   1.000000000e+00   0.000000000e+00
                        -1.900000000e-07  -1.000000000e+00   6.000000000e-08   1.000000000e-02
/
&TRIAD_UNDPOS
  supElId = 8
  triadId = 18
  undPosInSupElSystem =  1.000000000e+00  -1.900000000e-07  -1.900000000e-07  -1.599999800e-01
                         1.900000000e-07   6.000000000e-08   1.000000000e+00   1.000000000e-02
                        -1.900000000e-07  -1.000000000e+00   6.000000000e-08   1.000000000e-02
/
&TRIAD_UNDPOS
  supElId = 8
  triadId = 23
  undPosInSupElSystem =  1.000000000e+00  -1.900000000e-07  -1.900000000e-07  -1.599999800e-01
                         1.900000000e-07   6.000000000e-08   1.000000000e+00  -1.000000000e-02
                        -1.900000000e-07  -1.000000000e+00   6.000000000e-08   1.000000000e-02
/
&TRIAD_UNDPOS
  supElId = 8
  triadId = 31
  undPosInSupElSystem =  1.000000000e+00  -2.500000000e-07  -1.900000000e-07   1.600000000e-01
                         1.900000000e-07   6.000000000e-08   1.000000000e+00   1.000000000e-02
                        -2.500000000e-07  -1.000000000e+00   6.000000000e-08   1.000000000e-02
/
&TRIAD_UNDPOS
  supElId = 8
  triadId = 34
  undPosInSupElSystem =  1.000000000e+00  -1.900000000e-07  -1.900000000e-07  -1.599999800e-01
                         1.900000000e-07   6.000000000e-08   1.000000000e+00   0.000000000e+00
                        -1.900000000e-07  -1.000000000e+00   6.000000000e-08   1.000000000e-02
/
&TRIAD_UNDPOS
  supElId = 8
  triadId = 39
  undPosInSupElSystem =  1.005090000e-01  -1.000000000e-07   9.949360900e-01   1.600000000e-01
                        -9.949360900e-01   4.500000000e-07   1.005090000e-01  -1.000000000e-02
                        -4.500000000e-07  -1.000000000e+00  -5.000000000e-08   1.000000000e-02
/

! Contact element spring
&SPRING_BASE
  id = 117
  extId = 10
  l0 =   2.500000000e-02, l1 =   0.000000000e+00, lengthEngineId = 0
  s0 =   0.000000000e+00, s1 =   1.000000000e+00, stiffFuncId = 429
/

&MASTERSLAVEJOINT
  id = 44
  extId = 1
  InitPosInGlobal =  6.000000000e-08   9.999999400e-01   8.000000000e-08  -5.144937000e-02
                     9.999999400e-01   6.000000000e-08  -2.400000000e-07  -1.532000000e-04
                    -2.400000000e-07   8.000000000e-08  -9.999998800e-01   2.000000000e-02
  type         = 1
  nJointVars   = 1
  JointVarDefs = 6 1
  JVarInitVal  =  -6.000000552e-07
  JVarInitVel  =   0.000000000e+00
  JVarInitAcc  =   0.000000000e+00
  springId     = 0
  damperId     = 0
  slaveId  = 280
  masterId = 26
/

&MASTERSLAVEJOINT
  id = 45
  extId = 2
  InitPosInGlobal =  1.000000000e+00  -1.139999999e-14  -6.000001140e-08  -5.144937380e-02
                    -1.500000000e-14   1.000000000e+00  -4.750000000e-14   6.484680100e-02
                     5.999998860e-08  -3.610000001e-14   1.000000000e+00   1.999999992e-10
  type         = 1
  nJointVars   = 1
  JointVarDefs = 6 1
  JVarInitVal  =  -1.140000216e-14
  JVarInitVel  =   0.000000000e+00
  JVarInitAcc  =   0.000000000e+00
  springId     = 0
  damperId     = 0
  slaveId  = 29
  masterId = 31
/

&MASTERSLAVEJOINT
  id = 46
  extId = 3
  extDescr = 'Driving joint'
  InitPosInGlobal =  1.000000000e+00   0.000000000e+00   0.000000000e+00  -5.144937000e-02
                     0.000000000e+00   1.000000000e+00  -6.000000000e-07  -1.532000000e-04
                     0.000000000e+00   6.000000000e-07   1.000000000e+00  -2.000000000e-01
  type         = 1
  nJointVars   = 1
  JointVarDefs = 6 1
  JVarInitVal  =   0.000000000e+00
  JVarInitVel  =   0.000000000e+00
  JVarInitAcc  =   0.000000000e+00
  springId     = 0
  damperId     = 0
  slaveId  = 24
  masterId = 25
/

&MASTERSLAVEJOINT
  id = 48
  extId = 6
  InitPosInGlobal =  1.005088110e-01  -9.949361091e-01  -2.599999905e-07  -5.144937000e-02
                     9.949361091e-01   1.005088110e-01  -1.100000855e-07   6.484679980e-02
                     1.405994554e-07  -2.549316029e-07   1.000000000e+00   2.000000020e-02
  type         = 1
  nJointVars   = 1
  JointVarDefs = 6 1
  JVarInitVal  =   1.099740430e-08
  JVarInitVel  =   0.000000000e+00
  JVarInitAcc  =   0.000000000e+00
  springId     = 0
  damperId     = 0
  BC = 0
  slaveId  = 37
  masterId = 39
/

&MASTERSLAVEJOINT
  id = 49
  extId = 1
  InitPosInGlobal =  1.000000000e+00   0.000000000e+00   0.000000000e+00  -5.144937000e-02
                     0.000000000e+00   1.000000000e+00   0.000000000e+00  -1.532000000e-04
                     0.000000000e+00   0.000000000e+00   1.000000000e+00   0.000000000e+00
  type         = 3
  JointVarDefs =   0 0
  nJointVars   = 0
  slaveId  = 28
  masterId = 278
/

&MASTERSLAVEJOINT
  id = 50
  extId = 2
  InitPosInGlobal =  1.000000000e+00   0.000000000e+00   0.000000000e+00  -3.714493500e-01
                     0.000000000e+00   1.000000000e+00   0.000000000e+00   6.484674000e-02
                     0.000000000e+00   0.000000000e+00   1.000000000e+00   6.000000000e-08
  type         = 3
  JointVarDefs =   0 0
  nJointVars   = 0
  slaveId  = 18
  masterId = 19
/

&MASTERSLAVEJOINT
  id = 51
  extId = 3
  InitPosInGlobal =  1.000000000e+00   0.000000000e+00   0.000000000e+00  -3.714493500e-01
                     0.000000000e+00   1.000000000e+00   0.000000000e+00   6.484674000e-02
                     0.000000000e+00   0.000000000e+00   1.000000000e+00   2.000006000e-02
  type         = 3
  JointVarDefs =   0 0
  nJointVars   = 0
  slaveId  = 23
  masterId = 27
/

&MASTERSLAVEJOINT
  id = 52
  extId = 4
  InitPosInGlobal =  1.000000000e+00   0.000000000e+00   0.000000000e+00  -3.714493500e-01
                     0.000000000e+00   1.000000000e+00   0.000000000e+00   6.484674000e-02
                     0.000000000e+00   0.000000000e+00   1.000000000e+00   1.000006000e-02
  type         = 3
  JointVarDefs =   0 0
  nJointVars   = 0
  slaveId  = 34
  masterId = 35
/

&MASTERSLAVEJOINT
  id = 373
  extId = 1
  InitPosInGlobal =  1.000000000e+00   0.000000000e+00   0.000000000e+00  -2.014493600e-01
                     0.000000000e+00   1.000000000e+00   0.000000000e+00   6.484677000e-02
                     0.000000000e+00   0.000000000e+00   1.000000000e+00   1.000003000e-02
  type         = 4
  nJointVars   = 6
  JointVarDefs = 1 3   2 3   3 3   6 3   5 2   4 1
  JVarInitVal  =  -1.899999991e-09   1.900001906e-09  -1.300001900e-09  -1.139999999e-14   1.140000000e-14  -3.610000001e-14
  JVarInitVel  =   0.000000000e+00   0.000000000e+00   0.000000000e+00   0.000000000e+00   0.000000000e+00   0.000000000e+00
  JVarInitAcc  =   0.000000000e+00   0.000000000e+00   0.000000000e+00   0.000000000e+00   0.000000000e+00   0.000000000e+00
  rotSpringCpl = 'NONE'
  tranSpringCpl = 'NONE'
  springId     = 0 0 0 0 0 0
  damperId     = 0 0 0 0 0 0
  BC = 1 0 0 1 0 0
  slaveId  = 371
  masterId = 372
/

&CONTACT_ELEMENT
  id = 120
  extId = 1
  extDescr = '#NOTMasterSlaveCam'
  thickness =  6.000000000e-02
  width =  1.000000000e-01
  springId = 117 0 0 0 0 0
  damperId = 0 0 0 0 0 0
  frictionSetId = 432
  followerTriad = 10
  contactSurface = 462
/

&MASTER_CURVE
  id = 462
  extId = 1
  nTriads = 10
  triadIds = 286 282 274 270 266 264 268 272
             276 284
  isLooping = 1
  loopLength =  3.033634986e-01
/
&MASTER_POS
  masterId = 462
  triadId  = 286
  PosInGlobal = -1.000000000e+00  -8.000014377e-08  -2.316124301e-07  -9.144937000e-02
                -2.316124301e-07  -1.852902771e-14   1.000000000e+00  -1.532000000e-04
                -8.000014377e-08   1.000000000e+00   0.000000000e+00   1.000000000e-02
  curvature   =  2.500000058e+01
  slideVarVal =  0.000000000e+00
  upVec       = -5.400617685e-01   8.416253835e-01  -0.000000000e+00
/
&MASTER_POS
  masterId = 462
  triadId  = 282
  PosInGlobal = -5.174204888e-01   1.476602235e-07   8.557312883e-01  -7.214619000e-02
                 8.557312883e-01  -2.442065515e-07   5.174204888e-01   3.407606000e-02
                 2.853776120e-07   1.000000000e+00  -0.000000000e+00   1.000000000e-02
  curvature   =  2.500000058e+01
  slideVarVal =  4.107850938e-02
  upVec       = -5.400617685e-01   8.416253835e-01  -0.000000000e+00
/
&MASTER_POS
  masterId = 462
  triadId  = 274
  PosInGlobal =  4.166667872e-01  -1.941129347e-08   9.090592876e-01  -3.478270000e-02
                 9.090592876e-01  -4.235042762e-08  -4.166667872e-01   3.620918000e-02
                 4.658709085e-08   1.000000000e+00   0.000000000e+00   1.000000000e-02
  curvature   =  1.701896653e-05
  slideVarVal =  8.002288284e-02
  upVec       =  4.166665853e-01   9.090593802e-01   3.022614180e-07
/
&MASTER_POS
  masterId = 462
  triadId  = 270
  PosInGlobal =  4.166667872e-01  -1.259422750e-07   9.090592876e-01  -8.950100000e-03
                 9.090592876e-01  -2.747735080e-07  -4.166667872e-01   2.436883000e-02
                 3.022613726e-07   1.000000000e+00   0.000000000e+00   1.000000000e-02
  curvature   =  1.701896653e-05
  slideVarVal =  1.084397284e-01
  upVec       =  4.166670068e-01   9.090591870e-01  -4.533919576e-07
/
&MASTER_POS
  masterId = 462
  triadId  = 266
  PosInGlobal =  4.166666580e-01   1.889133608e-07   9.090593469e-01   1.480063000e-02
                 9.090593469e-01   4.121603038e-07  -4.166666580e-01   1.348269000e-02
                -4.533920753e-07   1.000000000e+00   0.000000000e+00   1.000000000e-02
  curvature   =  6.666666766e+01
  slideVarVal =  1.345664431e-01
  upVec       =  1.000000000e+00  -0.000000000e+00  -0.000000000e+00
/
&MASTER_POS
  masterId = 462
  triadId  = 264
  PosInGlobal =  1.000000000e+00  -6.000000360e-08   1.807003648e-18   2.355063000e-02
                 1.807003648e-18  -1.084202254e-25  -1.000000000e+00  -1.532000000e-04
                 6.000000360e-08   1.000000000e+00   0.000000000e+00   1.000000000e-02
  curvature   =  6.666666766e+01
  slideVarVal =  1.516817564e-01
  upVec       =  1.000000000e+00  -0.000000000e+00  -0.000000000e+00
/
&MASTER_POS
  masterId = 462
  triadId  = 268
  PosInGlobal =  4.166666357e-01   1.780255539e-07  -9.090593571e-01   1.480063000e-02
                -9.090593571e-01  -3.884059382e-07  -4.166666357e-01  -1.378909000e-02
                -4.272613611e-07   1.000000000e+00   0.000000000e+00   1.000000000e-02
  curvature   =  4.438423714e-06
  slideVarVal =  1.687970697e-01
  upVec       =  4.166666905e-01  -9.090593320e-01   4.988485428e-07
/
&MASTER_POS
  masterId = 462
  triadId  = 272
  PosInGlobal =  4.166666357e-01  -2.078535456e-07  -9.090593571e-01  -8.950100000e-03
                -9.090593571e-01   4.534829391e-07  -4.166666357e-01  -2.467522000e-02
                 4.988485466e-07   1.000000000e+00   0.000000000e+00   1.000000000e-02
  curvature   =  4.438423714e-06
  slideVarVal =  1.949237802e-01
  upVec       =  4.166665853e-01  -9.090593802e-01   1.159128305e-07
/
&MASTER_POS
  masterId = 462
  triadId  = 276
  PosInGlobal =  4.166667830e-01  -4.829707518e-08  -9.090592896e-01  -3.478270000e-02
                -9.090592896e-01   1.053717422e-07  -4.166667830e-01  -3.651557000e-02
                 1.159129481e-07   1.000000000e+00   0.000000000e+00   1.000000000e-02
  curvature   =  2.500000058e+01
  slideVarVal =  2.233406258e-01
  upVec       = -5.400616633e-01  -8.416254511e-01   0.000000000e+00
/
&MASTER_POS
  masterId = 462
  triadId  = 284
  PosInGlobal = -5.174204888e-01  -2.965565085e-08  -8.557312883e-01  -7.214619000e-02
                -8.557312883e-01  -4.904573526e-08   5.174204888e-01  -3.438245000e-02
                -5.731441158e-08   1.000000000e+00   0.000000000e+00   1.000000000e-02
  curvature   =  2.500000058e+01
  slideVarVal =  2.622849992e-01
  upVec       = -5.400616633e-01  -8.416254511e-01   0.000000000e+00
/

&MOTION
  id = 328
  extId = 11
  jointId = 46
  lDof = 6
  type = 'deflection'
  d0 =   0.000000000e+00, d1 = 1.0, motionEngineId = 82
/

&SENSOR
  id = 463
  extId = 1
  type = 'TIME'
/

&ENGINE
  id = 82
  extId = 1
  extDescr = 'Rotation'
  functionId = 431
  nArg = 1, argSensorId = 463
/

&ENGINE
  id = 428
  extId = 2
  extDescr = 'Stress free cam spring length'
  functionId = 430
  nArg = 1, argSensorId = 463
/

&FRICTION_SET
  id = 432
  extId = 1
  type = 'CAM_FRICTION'
  PrestressLoad =   0.000000e+00
  CoulombCoeff  =   5.000000e-02
  StribeckMagn  =   0.000000e+00
  StribeckSpeed =   0.000000e+00
/

&FUNCTION
  id = 429
  extId = 2
  extDescr = 'Cam'
  type = 'LIN_VAR'
  extrapolationType = 1
  realDataSize = 4
  realData =  -1.000000e-03   1.000000e+06   0.000000e+00   0.000000e+00
/

&FUNCTION
  id = 430
  extId = 2
  type = 'CONSTANT'
  realDataSize = 1
  realData =   2.500000e-02
/

&FUNCTION
  id = 431
  extId = 1
  extDescr = 'Rotation'
  type = 'MATH_EXPRESSION'
  expression = 'x^2'
  nArg = 1
/

