&HEADING
  modelFile = 'd:\Src\extra.git\SystemTests\16_softblades_prescrvel\test.fmm'
  version = 3.0
/

&ENVIRONMENT
  gravity  =  0.000000000e+00   0.000000000e+00  -9.810000000e+00
/

&MECHANISM
  id = 1
  extId = 1
  extDescr = '<default_m.fmm>'
  weightTranslation =  6.515081650e-03
  weightRotation    =  1.000000000e+00
  weightGeneralized =  1.000000000e+00
/

&TRIAD
  id = 744
  extId = 1 25
  extDescr = 'Ground'
  nDOFs = 0
  ur  =  1.000000000e+00   0.000000000e+00   0.000000000e+00   0.000000000e+00
         0.000000000e+00   1.000000000e+00   0.000000000e+00   0.000000000e+00
         0.000000000e+00   0.000000000e+00   1.000000000e+00   0.000000000e+00
/

&TRIAD
  id = 745
  extId = 1 25 1
  extDescr = 'Tower-base'
  nDOFs = 6
  ur  =  1.000000000e+00   0.000000000e+00   0.000000000e+00   0.000000000e+00
         0.000000000e+00   1.000000000e+00   0.000000000e+00   0.000000000e+00
         0.000000000e+00   0.000000000e+00   1.000000000e+00   0.000000000e+00
/

&TRIAD
  id = 747
  extId = 2 25 1
  extDescr = 'Tower-top'
  nDOFs = 6
  ur  =  1.000000000e+00   0.000000000e+00   0.000000000e+00   0.000000000e+00
         0.000000000e+00   1.000000000e+00   0.000000000e+00   0.000000000e+00
         0.000000000e+00   0.000000000e+00   1.000000000e+00   8.815000000e+01
/

&TRIAD
  id = 749
  extId = 1 25 2
  extDescr = 'Nacelle-yaw'
  nDOFs = 6
  ur  =  1.000000000e+00   0.000000000e+00   0.000000000e+00   0.000000000e+00
         0.000000000e+00   1.000000000e+00   0.000000000e+00   0.000000000e+00
         0.000000000e+00   0.000000000e+00   1.000000000e+00   8.815000000e+01
/

&TRIAD
  id = 754
  extId = 1 25 2 1
  extDescr = 'Hub'
  nDOFs = 6
  ur  =  0.000000000e+00   8.715574029e-02   9.961947033e-01  -5.000000000e+00
         1.000000000e+00   0.000000000e+00   0.000000000e+00   0.000000000e+00
         0.000000000e+00   9.961947033e-01  -8.715574029e-02   9.055000000e+01
/

&TRIAD
  id = 755
  extId = 2 25 2 1
  extDescr = 'Azimuth'
  nDOFs = 6
  ur  =  0.000000000e+00   8.715574029e-02   9.961947033e-01  -3.095276494e+00
         1.000000000e+00   0.000000000e+00   0.000000000e+00   0.000000000e+00
         0.000000000e+00   9.961947033e-01  -8.715574029e-02   9.038335829e+01
/

&TRIAD
  id = 756
  extId = 1 25 2 4
  extDescr = 'Shaft'
  nDOFs = 6
  ur  =  0.000000000e+00   8.715574000e-02   9.961947000e-01  -3.095276500e+00
         1.000000000e+00   0.000000000e+00   0.000000000e+00   0.000000000e+00
         0.000000000e+00   9.961947000e-01  -8.715574000e-02   9.038335829e+01
/

&TRIAD
  id = 759
  extId = 1 25 3
  extDescr = 'Hub'
  nDOFs = 6
  ur  =  0.000000000e+00   8.715574000e-02   9.961947000e-01  -5.000000000e+00
         1.000000000e+00   0.000000000e+00   0.000000000e+00   0.000000000e+00
         0.000000000e+00   9.961947000e-01  -8.715574000e-02   9.055000000e+01
/

&TRIAD
  id = 764
  extId = 2 25 3
  extDescr = 'Cone 1'
  nDOFs = 6
  ur  =  9.990482220e-01   0.000000000e+00   4.361938177e-02  -4.934570922e+00
         0.000000000e+00   1.000000000e+00   0.000000000e+00   0.000000000e+00
        -4.361938177e-02   0.000000000e+00   9.990482220e-01   9.204857233e+01
/

&TRIAD
  id = 835
  extId = 3 25 3
  extDescr = 'Cone 2'
  nDOFs = 6
  ur  =  9.933457021e-01   7.547908460e-02  -8.698979859e-02  -5.130484693e+00
        -3.777550000e-02  -5.000000000e-01  -8.652011400e-01  -1.297801710e+00
        -1.087994845e-01   8.627299135e-01  -4.938215907e-01   8.980926761e+01
/

&TRIAD
  id = 906
  extId = 4 25 3
  extDescr = 'Cone 3'
  nDOFs = 6
  ur  =  9.933457021e-01  -7.547908460e-02  -8.698979859e-02  -5.130484693e+00
         3.777550000e-02  -5.000000000e-01   8.652011400e-01   1.297801710e+00
        -1.087994845e-01  -8.627299135e-01  -4.938215907e-01   8.980926761e+01
/

&TRIAD
  id = 767
  extId = 1 25 3 1
  extDescr = 'Blade 1'
  nDOFs = 6
  ur  =  9.990482196e-01   0.000000000e+00   4.361938179e-02  -4.934570922e+00
         0.000000000e+00   9.999999972e-01   0.000000000e+00   0.000000000e+00
        -4.361938167e-02   0.000000000e+00   9.990482224e-01   9.204857233e+01
/

&TRIAD
  id = 768
  extId = 2 25 3 1
  nDOFs = 6
  ur  =  9.722205207e-01   2.299665345e-01   4.361938179e-02  -4.874957840e+00
        -2.301856200e-01   9.731467400e-01   0.000000000e+00   0.000000000e+00
        -4.244805919e-02  -1.004055444e-02   9.990482224e-01   9.341393657e+01
/

&TRIAD
  id = 770
  extId = 3 25 3 1
  nDOFs = 6
  ur  =  9.722205207e-01   2.299665345e-01   4.361938179e-02  -4.815344758e+00
        -2.301856200e-01   9.731467400e-01   0.000000000e+00   0.000000000e+00
        -4.244805919e-02  -1.004055444e-02   9.990482224e-01   9.477930081e+01
/

&TRIAD
  id = 772
  extId = 4 25 3 1
  nDOFs = 6
  ur  =  9.722205207e-01   2.299665345e-01   4.361938179e-02  -4.755731675e+00
        -2.301856200e-01   9.731467400e-01   0.000000000e+00   0.000000000e+00
        -4.244805919e-02  -1.004055444e-02   9.990482224e-01   9.614466505e+01
/

&TRIAD
  id = 774
  extId = 5 25 3 1
  nDOFs = 6
  ur  =  9.722205207e-01   2.299665345e-01   4.361938179e-02  -4.696118593e+00
        -2.301856200e-01   9.731467400e-01   0.000000000e+00   0.000000000e+00
        -4.244805919e-02  -1.004055444e-02   9.990482224e-01   9.751002929e+01
/

&TRIAD
  id = 776
  extId = 6 25 3 1
  nDOFs = 6
  ur  =  9.722205207e-01   2.299665345e-01   4.361938179e-02  -4.636505510e+00
        -2.301856200e-01   9.731467400e-01   0.000000000e+00   0.000000000e+00
        -4.244805919e-02  -1.004055444e-02   9.990482224e-01   9.887539353e+01
/

&TRIAD
  id = 778
  extId = 7 25 3 1
  nDOFs = 6
  ur  =  9.722205207e-01   2.299665345e-01   4.361938179e-02  -4.576892428e+00
        -2.301856200e-01   9.731467400e-01   0.000000000e+00   0.000000000e+00
        -4.244805919e-02  -1.004055444e-02   9.990482224e-01   1.002407578e+02
/

&TRIAD
  id = 780
  extId = 8 25 3 1
  nDOFs = 6
  ur  =  9.722205207e-01   2.299665345e-01   4.361938179e-02  -4.487472695e+00
        -2.301856200e-01   9.731467400e-01   0.000000000e+00   0.000000000e+00
        -4.244805919e-02  -1.004055444e-02   9.990482224e-01   1.022888066e+02
/

&TRIAD
  id = 782
  extId = 9 25 3 1
  nDOFs = 6
  ur  =  9.722205207e-01   2.299665345e-01   4.361938179e-02  -4.398052963e+00
        -2.301856200e-01   9.731467400e-01   0.000000000e+00   0.000000000e+00
        -4.244805919e-02  -1.004055444e-02   9.990482224e-01   1.043368555e+02
/

&TRIAD
  id = 784
  extId = 10 25 3 1
  nDOFs = 6
  ur  =  9.790615034e-01   1.988364316e-01   4.361938179e-02  -4.308633230e+00
        -1.990258600e-01   9.799942400e-01   0.000000000e+00   0.000000000e+00
        -4.274674291e-02  -8.681384974e-03   9.990482224e-01   1.063849043e+02
/

&TRIAD
  id = 786
  extId = 11 25 3 1
  nDOFs = 6
  ur  =  9.790615034e-01   1.988364316e-01   4.361938179e-02  -4.219213497e+00
        -1.990258600e-01   9.799942400e-01   0.000000000e+00   0.000000000e+00
        -4.274674291e-02  -8.681384974e-03   9.990482224e-01   1.084329532e+02
/

&TRIAD
  id = 788
  extId = 12 25 3 1
  nDOFs = 6
  ur  =  9.833759931e-01   1.762640360e-01   4.361938179e-02  -4.129793764e+00
        -1.764319600e-01   9.843128400e-01   0.000000000e+00   0.000000000e+00
        -4.293511757e-02  -7.695853023e-03   9.990482224e-01   1.104810020e+02
/

&TRIAD
  id = 790
  extId = 13 25 3 1
  nDOFs = 6
  ur  =  9.833759931e-01   1.762640360e-01   4.361938179e-02  -4.040374032e+00
        -1.764319600e-01   9.843128400e-01   0.000000000e+00   0.000000000e+00
        -4.293511757e-02  -7.695853023e-03   9.990482224e-01   1.125290509e+02
/

&TRIAD
  id = 792
  extId = 14 25 3 1
  nDOFs = 6
  ur  =  9.867182590e-01   1.564750087e-01   4.361938179e-02  -3.950954299e+00
        -1.566240800e-01   9.876582900e-01   0.000000000e+00   0.000000000e+00
        -4.308104403e-02  -6.831845543e-03   9.990482224e-01   1.145770998e+02
/

&TRIAD
  id = 794
  extId = 15 25 3 1
  nDOFs = 6
  ur  =  9.867182590e-01   1.564750087e-01   4.361938179e-02  -3.861534566e+00
        -1.566240800e-01   9.876582900e-01   0.000000000e+00   0.000000000e+00
        -4.308104403e-02  -6.831845543e-03   9.990482224e-01   1.166251486e+02
/

&TRIAD
  id = 796
  extId = 16 25 3 1
  nDOFs = 6
  ur  =  9.898166971e-01   1.355000213e-01   4.361938179e-02  -3.772114834e+00
        -1.356291100e-01   9.907596800e-01   0.000000000e+00   0.000000000e+00
        -4.321632475e-02  -5.916057931e-03   9.990482224e-01   1.186731975e+02
/

&TRIAD
  id = 798
  extId = 17 25 3 1
  nDOFs = 6
  ur  =  9.898166971e-01   1.355000213e-01   4.361938179e-02  -3.682695101e+00
        -1.356291100e-01   9.907596800e-01   0.000000000e+00   0.000000000e+00
        -4.321632475e-02  -5.916057931e-03   9.990482224e-01   1.207212463e+02
/

&TRIAD
  id = 800
  extId = 18 25 3 1
  nDOFs = 6
  ur  =  9.925390536e-01   1.138577195e-01   4.361938179e-02  -3.593275368e+00
        -1.139661900e-01   9.934846300e-01   0.000000000e+00   0.000000000e+00
        -4.333518538e-02  -4.971134753e-03   9.990482224e-01   1.227692952e+02
/

&TRIAD
  id = 802
  extId = 19 25 3 1
  nDOFs = 6
  ur  =  9.925390536e-01   1.138577195e-01   4.361938179e-02  -3.503855636e+00
        -1.139661900e-01   9.934846300e-01   0.000000000e+00   0.000000000e+00
        -4.333518538e-02  -4.971134753e-03   9.990482224e-01   1.248173440e+02
/

&TRIAD
  id = 804
  extId = 20 25 3 1
  nDOFs = 6
  ur  =  9.946781757e-01   9.334170482e-02   4.361938179e-02  -3.414435903e+00
        -9.343063000e-02   9.956257900e-01   0.000000000e+00   0.000000000e+00
        -4.342858146e-02  -4.075386321e-03   9.990482224e-01   1.268653929e+02
/

&TRIAD
  id = 806
  extId = 21 25 3 1
  nDOFs = 6
  ur  =  9.946781757e-01   9.334170482e-02   4.361938179e-02  -3.325016170e+00
        -9.343063000e-02   9.956257900e-01   0.000000000e+00   0.000000000e+00
        -4.342858146e-02  -4.075386321e-03   9.990482224e-01   1.289134417e+02
/

&TRIAD
  id = 808
  extId = 22 25 3 1
  nDOFs = 6
  ur  =  9.963805539e-01   7.295981233e-02   4.361938179e-02  -3.235596438e+00
        -7.302932000e-02   9.973297900e-01   0.000000000e+00   0.000000000e+00
        -4.350290888e-02  -3.185493791e-03   9.990482224e-01   1.309614906e+02
/

&TRIAD
  id = 810
  extId = 23 25 3 1
  nDOFs = 6
  ur  =  9.963805539e-01   7.295981233e-02   4.361938179e-02  -3.146176705e+00
        -7.302932000e-02   9.973297900e-01   0.000000000e+00   0.000000000e+00
        -4.350290888e-02  -3.185493791e-03   9.990482224e-01   1.330095395e+02
/

&TRIAD
  id = 812
  extId = 24 25 3 1
  nDOFs = 6
  ur  =  9.975626177e-01   5.446261432e-02   4.361938179e-02  -3.056756972e+00
        -5.451450000e-02   9.985129800e-01   0.000000000e+00   0.000000000e+00
        -4.355451890e-02  -2.377888789e-03   9.990482224e-01   1.350575883e+02
/

&TRIAD
  id = 814
  extId = 25 25 3 1
  nDOFs = 6
  ur  =  9.975626177e-01   5.446261432e-02   4.361938179e-02  -2.967337240e+00
        -5.451450000e-02   9.985129800e-01   0.000000000e+00   0.000000000e+00
        -4.355451890e-02  -2.377888789e-03   9.990482224e-01   1.371056372e+02
/

&TRIAD
  id = 816
  extId = 26 25 3 1
  nDOFs = 6
  ur  =  9.982300319e-01   4.042462809e-02   4.361938179e-02  -2.877917507e+00
        -4.046314000e-02   9.991810300e-01   0.000000000e+00   0.000000000e+00
        -4.358365883e-02  -1.764977152e-03   9.990482224e-01   1.391536860e+02
/

&TRIAD
  id = 818
  extId = 27 25 3 1
  nDOFs = 6
  ur  =  9.982300319e-01   4.042462809e-02   4.361938179e-02  -2.788497774e+00
        -4.046314000e-02   9.991810300e-01   0.000000000e+00   0.000000000e+00
        -4.358365883e-02  -1.764977152e-03   9.990482224e-01   1.412017349e+02
/

&TRIAD
  id = 820
  extId = 28 25 3 1
  nDOFs = 6
  ur  =  9.986939000e-01   2.660523361e-02   4.361938179e-02  -2.699078042e+00
        -2.663058000e-02   9.996453400e-01   0.000000000e+00   0.000000000e+00
        -4.360391174e-02  -1.161609436e-03   9.990482224e-01   1.432497837e+02
/

&TRIAD
  id = 822
  extId = 29 25 3 1
  nDOFs = 6
  ur  =  9.986939000e-01   2.660523361e-02   4.361938179e-02  -2.609658309e+00
        -2.663058000e-02   9.996453400e-01   0.000000000e+00   0.000000000e+00
        -4.360391174e-02  -1.161609436e-03   9.990482224e-01   1.452978326e+02
/

&TRIAD
  id = 824
  extId = 30 25 3 1
  nDOFs = 6
  ur  =  9.989349004e-01   1.504728469e-02   4.361938179e-02  -2.550045227e+00
        -1.506162000e-02   9.998865700e-01   0.000000000e+00   0.000000000e+00
        -4.361443405e-02  -6.569785532e-04   9.990482224e-01   1.466631968e+02
/

&TRIAD
  id = 826
  extId = 31 25 3 1
  nDOFs = 6
  ur  =  9.989349004e-01   1.504728469e-02   4.361938179e-02  -2.490432144e+00
        -1.506162000e-02   9.998865700e-01   0.000000000e+00   0.000000000e+00
        -4.361443405e-02  -6.569785532e-04   9.990482224e-01   1.480285611e+02
/

&TRIAD
  id = 828
  extId = 32 25 3 1
  nDOFs = 6
  ur  =  9.990273923e-01   6.451523734e-03   4.361938179e-02  -2.430819062e+00
        -6.457670000e-03   9.999791500e-01   0.000000000e+00   0.000000000e+00
        -4.361847233e-02  -2.816795732e-04   9.990482224e-01   1.493939253e+02
/

&TRIAD
  id = 830
  extId = 33 25 3 1
  nDOFs = 6
  ur  =  9.990273923e-01   6.451523734e-03   4.361938179e-02  -2.371205979e+00
        -6.457670000e-03   9.999791500e-01   0.000000000e+00   0.000000000e+00
        -4.361847233e-02  -2.816795732e-04   9.990482224e-01   1.507592896e+02
/

&TRIAD
  id = 832
  extId = 34 25 3 1
  nDOFs = 6
  ur  =  9.990465140e-01   1.848289164e-03   4.361938179e-02  -2.311592897e+00
        -1.850050000e-03   9.999982900e-01   0.000000000e+00   0.000000000e+00
        -4.361930720e-02  -8.069803728e-05   9.990482224e-01   1.521246538e+02
/

&TRIAD
  id = 834
  extId = 35 25 3 1
  nDOFs = 6
  ur  =  9.990465140e-01   1.848289164e-03   4.361938179e-02  -2.251979815e+00
        -1.850050000e-03   9.999982900e-01   0.000000000e+00   0.000000000e+00
        -4.361930720e-02  -8.069803728e-05   9.990482224e-01   1.534900180e+02
/

&TRIAD
  id = 838
  extId = 1 25 3 2
  extDescr = 'Blade 2'
  nDOFs = 6
  ur  =  9.933457001e-01   7.547908836e-02  -8.698980096e-02  -5.130484693e+00
        -3.777550005e-02  -4.999999980e-01  -8.652011416e-01  -1.297801710e+00
        -1.087994792e-01   8.627299065e-01  -4.938215898e-01   8.980926761e+01
/

&TRIAD
  id = 839
  extId = 2 25 3 2
  nDOFs = 6
  ur  =  9.492969316e-01   3.021061255e-01  -8.698980096e-02  -5.249370610e+00
         7.833170502e-02  -4.952687463e-01  -8.652011416e-01  -2.480241828e+00
        -3.044658778e-01   8.145187227e-01  -4.938215898e-01   8.913437893e+01
/

&TRIAD
  id = 841
  extId = 3 25 3 2
  nDOFs = 6
  ur  =  9.492969316e-01   3.021061255e-01  -8.698980096e-02  -5.368256526e+00
         7.833170502e-02  -4.952687463e-01  -8.652011416e-01  -3.662681946e+00
        -3.044658778e-01   8.145187227e-01  -4.938215898e-01   8.845949024e+01
/

&TRIAD
  id = 843
  extId = 4 25 3 2
  nDOFs = 6
  ur  =  9.492969316e-01   3.021061255e-01  -8.698980096e-02  -5.487142442e+00
         7.833170502e-02  -4.952687463e-01  -8.652011416e-01  -4.845122065e+00
        -3.044658778e-01   8.145187227e-01  -4.938215898e-01   8.778460156e+01
/

&TRIAD
  id = 845
  extId = 5 25 3 2
  nDOFs = 6
  ur  =  9.492969316e-01   3.021061255e-01  -8.698980096e-02  -5.606028359e+00
         7.833170502e-02  -4.952687463e-01  -8.652011416e-01  -6.027562183e+00
        -3.044658778e-01   8.145187227e-01  -4.938215898e-01   8.710971288e+01
/

&TRIAD
  id = 847
  extId = 6 25 3 2
  nDOFs = 6
  ur  =  9.492969316e-01   3.021061255e-01  -8.698980096e-02  -5.724914275e+00
         7.833170502e-02  -4.952687463e-01  -8.652011416e-01  -7.210002301e+00
        -3.044658778e-01   8.145187227e-01  -4.938215898e-01   8.643482419e+01
/

&TRIAD
  id = 849
  extId = 7 25 3 2
  nDOFs = 6
  ur  =  9.492969316e-01   3.021061255e-01  -8.698980096e-02  -5.843800191e+00
         7.833170502e-02  -4.952687463e-01  -8.652011416e-01  -8.392442419e+00
        -3.044658778e-01   8.145187227e-01  -4.938215898e-01   8.575993551e+01
/

&TRIAD
  id = 851
  extId = 8 25 3 2
  nDOFs = 6
  ur  =  9.492969316e-01   3.021061255e-01  -8.698980096e-02  -6.022129283e+00
         7.833170502e-02  -4.952687463e-01  -8.652011416e-01  -1.016610476e+01
        -3.044658778e-01   8.145187227e-01  -4.938215898e-01   8.474760125e+01
/

&TRIAD
  id = 853
  extId = 9 25 3 2
  nDOFs = 6
  ur  =  9.492969316e-01   3.021061255e-01  -8.698980096e-02  -6.200458375e+00
         7.833170502e-02  -4.952687463e-01  -8.652011416e-01  -1.193976710e+01
        -3.044658778e-01   8.145187227e-01  -4.938215898e-01   8.373526699e+01
/

&TRIAD
  id = 855
  extId = 10 25 3 2
  nDOFs = 6
  ur  =  9.584507766e-01   2.716705548e-01  -8.698980096e-02  -6.378787467e+00
         6.249315731e-02  -4.975154208e-01  -8.652011416e-01  -1.371342944e+01
        -2.783284253e-01   8.238164314e-01  -4.938215898e-01   8.272293273e+01
/

&TRIAD
  id = 857
  extId = 11 25 3 2
  nDOFs = 6
  ur  =  9.584507766e-01   2.716705548e-01  -8.698980096e-02  -6.557116559e+00
         6.249315731e-02  -4.975154208e-01  -8.652011416e-01  -1.548709178e+01
        -2.783284253e-01   8.238164314e-01  -4.938215898e-01   8.171059847e+01
/

&TRIAD
  id = 859
  extId = 12 25 3 2
  nDOFs = 6
  ur  =  9.644460063e-01   2.495529653e-01  -8.698980096e-02  -6.735445651e+00
         5.103307005e-02  -4.988212249e-01  -8.652011416e-01  -1.726075412e+01
        -2.593058534e-01   8.300004213e-01  -4.938215898e-01   8.069826421e+01
/

&TRIAD
  id = 861
  extId = 13 25 3 2
  nDOFs = 6
  ur  =  9.644460063e-01   2.495529653e-01  -8.698980096e-02  -6.913774743e+00
         5.103307005e-02  -4.988212249e-01  -8.652011416e-01  -1.903441646e+01
        -2.593058534e-01   8.300004213e-01  -4.938215898e-01   7.968592996e+01
/

&TRIAD
  id = 863
  extId = 14 25 3 2
  nDOFs = 6
  ur  =  9.692642755e-01   2.301294044e-01  -8.698980096e-02  -7.092103835e+00
         4.100275401e-02  -4.997456973e-01  -8.652011416e-01  -2.080807880e+01
        -2.425809862e-01   8.350417281e-01  -4.938215898e-01   7.867359570e+01
/

&TRIAD
  id = 865
  extId = 15 25 3 2
  nDOFs = 6
  ur  =  9.692642755e-01   2.301294044e-01  -8.698980096e-02  -7.270432927e+00
         4.100275401e-02  -4.997456973e-01  -8.652011416e-01  -2.258174114e+01
        -2.425809862e-01   8.350417281e-01  -4.938215898e-01   7.766126144e+01
/

&TRIAD
  id = 867
  extId = 16 25 3 2
  nDOFs = 6
  ur  =  9.739297091e-01   2.095082312e-01  -8.698980096e-02  -7.448762019e+00
         3.038811247e-02  -5.005032968e-01  -8.652011416e-01  -2.435540348e+01
        -2.248054272e-01   8.400016319e-01  -4.938215898e-01   7.664892718e+01
/

&TRIAD
  id = 869
  extId = 17 25 3 2
  nDOFs = 6
  ur  =  9.739297091e-01   2.095082312e-01  -8.698980096e-02  -7.627091111e+00
         3.038811247e-02  -5.005032968e-01  -8.652011416e-01  -2.612906582e+01
        -2.248054272e-01   8.400016319e-01  -4.938215898e-01   7.563659292e+01
/

&TRIAD
  id = 871
  extId = 18 25 3 2
  nDOFs = 6
  ur  =  9.782716239e-01   1.881951395e-01  -8.698980096e-02  -7.805420203e+00
         1.945371613e-02  -5.010474442e-01  -8.652011416e-01  -2.790272816e+01
        -2.064126514e-01   8.447094422e-01  -4.938215898e-01   7.462425866e+01
/

&TRIAD
  id = 873
  extId = 19 25 3 2
  nDOFs = 6
  ur  =  9.782716239e-01   1.881951395e-01  -8.698980096e-02  -7.983749295e+00
         1.945371613e-02  -5.010474442e-01  -8.652011416e-01  -2.967639050e+01
        -2.064126514e-01   8.447094422e-01  -4.938215898e-01   7.361192440e+01
/

&TRIAD
  id = 875
  extId = 20 25 3 2
  nDOFs = 6
  ur  =  9.819485414e-01   1.679578420e-01  -8.698980096e-02  -8.162078387e+00
         9.105052758e-03  -5.013422831e-01  -8.652011416e-01  -3.145005284e+01
        -1.889289666e-01   8.487909432e-01  -4.938215898e-01   7.259959014e+01
/

&TRIAD
  id = 877
  extId = 21 25 3 2
  nDOFs = 6
  ur  =  9.819485414e-01   1.679578420e-01  -8.698980096e-02  -8.340407479e+00
         9.105052758e-03  -5.013422831e-01  -8.652011416e-01  -3.322371518e+01
        -1.889289666e-01   8.487909432e-01  -4.938215898e-01   7.158725588e+01
/

&TRIAD
  id = 879
  extId = 22 25 3 2
  nDOFs = 6
  ur  =  9.851810747e-01   1.478209048e-01  -8.698980096e-02  -8.518736571e+00
        -1.159971680e-03  -5.014236134e-01  -8.652011416e-01  -3.499737752e+01
        -1.715135406e-01   8.524806868e-01  -4.938215898e-01   7.057492162e+01
/

&TRIAD
  id = 881
  extId = 23 25 3 2
  nDOFs = 6
  ur  =  9.851810747e-01   1.478209048e-01  -8.698980096e-02  -8.697065663e+00
        -1.159971680e-03  -5.014236134e-01  -8.652011416e-01  -3.677103986e+01
        -1.715135406e-01   8.524806868e-01  -4.938215898e-01   6.956258737e+01
/

&TRIAD
  id = 883
  extId = 24 25 3 2
  nDOFs = 6
  ur  =  9.877538732e-01   1.295185940e-01  -8.698980096e-02  -8.875394755e+00
        -1.046207726e-02  -5.013158018e-01  -8.652011416e-01  -3.854470220e+01
        -1.556689821e-01   8.555158630e-01  -4.938215898e-01   6.855025311e+01
/

&TRIAD
  id = 885
  extId = 25 25 3 2
  nDOFs = 6
  ur  =  9.877538732e-01   1.295185940e-01  -8.698980096e-02  -9.053723847e+00
        -1.046207726e-02  -5.013158018e-01  -8.652011416e-01  -4.031836454e+01
        -1.556689821e-01   8.555158630e-01  -4.938215898e-01   6.753791885e+01
/

&TRIAD
  id = 887
  extId = 26 25 3 2
  nDOFs = 6
  ur  =  9.894780616e-01   1.156111597e-01  -8.698980096e-02  -9.232052939e+00
        -1.751299318e-02  -5.011190297e-01  -8.652011416e-01  -4.209202688e+01
        -1.436191371e-01   8.576209904e-01  -4.938215898e-01   6.652558459e+01
/

&TRIAD
  id = 889
  extId = 27 25 3 2
  nDOFs = 6
  ur  =  9.894780616e-01   1.156111597e-01  -8.698980096e-02  -9.410382031e+00
        -1.751299318e-02  -5.011190297e-01  -8.652011416e-01  -4.386568922e+01
        -1.436191371e-01   8.576209904e-01  -4.938215898e-01   6.551325033e+01
/

&TRIAD
  id = 891
  extId = 28 25 3 2
  nDOFs = 6
  ur  =  9.909833510e-01   1.019056914e-01  -8.698980096e-02  -9.588711123e+00
        -2.444681271e-02  -5.008286528e-01  -8.652011416e-01  -4.563935156e+01
        -1.317358905e-01   8.595265398e-01  -4.938215898e-01   6.450091607e+01
/

&TRIAD
  id = 893
  extId = 29 25 3 2
  nDOFs = 6
  ur  =  9.909833510e-01   1.019056914e-01  -8.698980096e-02  -9.767040215e+00
        -2.444681271e-02  -5.008286528e-01  -8.652011416e-01  -4.741301391e+01
        -1.317358905e-01   8.595265398e-01  -4.938215898e-01   6.348858181e+01
/

&TRIAD
  id = 895
  extId = 30 25 3 2
  nDOFs = 6
  ur  =  9.920961903e-01   9.043192248e-02  -8.698980096e-02  -9.885926131e+00
        -3.024040529e-02  -5.005122446e-01  -8.652011416e-01  -4.859545402e+01
        -1.217812484e-01   8.609933530e-01  -4.938215898e-01   6.281369313e+01
/

&TRIAD
  id = 897
  extId = 31 25 3 2
  nDOFs = 6
  ur  =  9.920961903e-01   9.043192248e-02  -8.698980096e-02  -1.000481205e+01
        -3.024040529e-02  -5.005122446e-01  -8.652011416e-01  -4.977789414e+01
        -1.217812484e-01   8.609933530e-01  -4.938215898e-01   6.213880444e+01
/

&TRIAD
  id = 899
  extId = 32 25 3 2
  nDOFs = 6
  ur  =  9.928375726e-01   8.189221358e-02  -8.698980096e-02  -1.012369796e+01
        -3.454587754e-02  -5.002335161e-01  -8.652011416e-01  -5.096033426e+01
        -1.143684361e-01   8.620093298e-01  -4.938215898e-01   6.146391576e+01
/

&TRIAD
  id = 901
  extId = 33 25 3 2
  nDOFs = 6
  ur  =  9.928375726e-01   8.189221358e-02  -8.698980096e-02  -1.024258388e+01
        -3.454587754e-02  -5.002335161e-01  -8.652011416e-01  -5.214277438e+01
        -1.143684361e-01   8.620093298e-01  -4.938215898e-01   6.078902708e+01
/

&TRIAD
  id = 903
  extId = 34 25 3 2
  nDOFs = 6
  ur  =  9.932043642e-01   7.731669872e-02  -8.698980096e-02  -1.036146980e+01
        -3.685041056e-02  -5.000690309e-01  -8.652011416e-01  -5.332521450e+01
        -1.103953869e-01   8.625271491e-01  -4.938215898e-01   6.011413840e+01
/

&TRIAD
  id = 905
  extId = 35 25 3 2
  nDOFs = 6
  ur  =  9.932043642e-01   7.731669872e-02  -8.698980096e-02  -1.048035571e+01
        -3.685041056e-02  -5.000690309e-01  -8.652011416e-01  -5.450765461e+01
        -1.103953869e-01   8.625271491e-01  -4.938215898e-01   5.943924971e+01
/

&TRIAD
  id = 909
  extId = 1 25 3 3
  extDescr = 'Blade 3'
  nDOFs = 6
  ur  =  9.933457001e-01  -7.547908836e-02  -8.698980096e-02  -5.130484693e+00
         3.777550005e-02  -4.999999980e-01   8.652011416e-01   1.297801710e+00
        -1.087994792e-01  -8.627299065e-01  -4.938215898e-01   8.980926761e+01
/

&TRIAD
  id = 910
  extId = 2 25 3 3
  nDOFs = 6
  ur  =  9.840453332e-01   1.552016675e-01  -8.698980096e-02  -5.249370610e+00
         1.518539147e-01  -4.778779924e-01   8.652011416e-01   2.480241828e+00
         9.271016017e-02  -8.646068740e-01  -4.938215898e-01   8.913437893e+01
/

&TRIAD
  id = 912
  extId = 3 25 3 3
  nDOFs = 6
  ur  =  9.840453332e-01   1.552016675e-01  -8.698980096e-02  -5.368256526e+00
         1.518539147e-01  -4.778779924e-01   8.652011416e-01   3.662681946e+00
         9.271016017e-02  -8.646068740e-01  -4.938215898e-01   8.845949024e+01
/

&TRIAD
  id = 914
  extId = 4 25 3 3
  nDOFs = 6
  ur  =  9.840453332e-01   1.552016675e-01  -8.698980096e-02  -5.487142442e+00
         1.518539147e-01  -4.778779924e-01   8.652011416e-01   4.845122065e+00
         9.271016017e-02  -8.646068740e-01  -4.938215898e-01   8.778460156e+01
/

&TRIAD
  id = 916
  extId = 5 25 3 3
  nDOFs = 6
  ur  =  9.840453332e-01   1.552016675e-01  -8.698980096e-02  -5.606028359e+00
         1.518539147e-01  -4.778779924e-01   8.652011416e-01   6.027562183e+00
         9.271016017e-02  -8.646068740e-01  -4.938215898e-01   8.710971288e+01
/

&TRIAD
  id = 918
  extId = 6 25 3 3
  nDOFs = 6
  ur  =  9.840453332e-01   1.552016675e-01  -8.698980096e-02  -5.724914275e+00
         1.518539147e-01  -4.778779924e-01   8.652011416e-01   7.210002301e+00
         9.271016017e-02  -8.646068740e-01  -4.938215898e-01   8.643482419e+01
/

&TRIAD
  id = 920
  extId = 7 25 3 3
  nDOFs = 6
  ur  =  9.840453332e-01   1.552016675e-01  -8.698980096e-02  -5.843800191e+00
         1.518539147e-01  -4.778779924e-01   8.652011416e-01   8.392442419e+00
         9.271016017e-02  -8.646068740e-01  -4.938215898e-01   8.575993551e+01
/

&TRIAD
  id = 922
  extId = 8 25 3 3
  nDOFs = 6
  ur  =  9.840453332e-01   1.552016675e-01  -8.698980096e-02  -6.022129283e+00
         1.518539147e-01  -4.778779924e-01   8.652011416e-01   1.016610476e+01
         9.271016017e-02  -8.646068740e-01  -4.938215898e-01   8.474760125e+01
/

&TRIAD
  id = 924
  extId = 9 25 3 3
  nDOFs = 6
  ur  =  9.840453332e-01   1.552016675e-01  -8.698980096e-02  -6.200458375e+00
         1.518539147e-01  -4.778779924e-01   8.652011416e-01   1.193976710e+01
         9.271016017e-02  -8.646068740e-01  -4.938215898e-01   8.373526699e+01
/

&TRIAD
  id = 926
  extId = 10 25 3 3
  nDOFs = 6
  ur  =  9.884953576e-01   1.237324108e-01  -8.698980096e-02  -6.378787467e+00
         1.365327024e-01  -4.824788179e-01   8.652011416e-01   1.371342944e+01
         6.508269883e-02  -8.671242513e-01  -4.938215898e-01   8.272293273e+01
/

&TRIAD
  id = 928
  extId = 11 25 3 3
  nDOFs = 6
  ur  =  9.884953576e-01   1.237324108e-01  -8.698980096e-02  -6.557116559e+00
         1.365327024e-01  -4.824788179e-01   8.652011416e-01   1.548709178e+01
         6.508269883e-02  -8.671242513e-01  -4.938215898e-01   8.171059847e+01
/

&TRIAD
  id = 930
  extId = 12 25 3 3
  nDOFs = 6
  ur  =  9.910798534e-01   1.009628933e-01  -8.698980096e-02  -6.735445651e+00
         1.253988897e-01  -4.854916138e-01   8.652011416e-01   1.726075412e+01
         4.512040411e-02  -8.683918322e-01  -4.938215898e-01   8.069826421e+01
/

&TRIAD
  id = 932
  extId = 13 25 3 3
  nDOFs = 6
  ur  =  9.910798534e-01   1.009628933e-01  -8.698980096e-02  -6.913774743e+00
         1.253988897e-01  -4.854916138e-01   8.652011416e-01   1.903441646e+01
         4.512040411e-02  -8.683918322e-01  -4.938215898e-01   7.968592996e+01
/

&TRIAD
  id = 934
  extId = 14 25 3 3
  nDOFs = 6
  ur  =  9.929079611e-01   8.103430928e-02  -8.698980096e-02  -7.092103835e+00
         1.156213258e-01  -4.879125914e-01   8.652011416e-01   2.080807880e+01
         2.766757038e-02  -8.691229649e-01  -4.938215898e-01   7.867359570e+01
/

&TRIAD
  id = 936
  extId = 15 25 3 3
  nDOFs = 6
  ur  =  9.929079611e-01   8.103430928e-02  -8.698980096e-02  -7.270432927e+00
         1.156213258e-01  -4.879125914e-01   8.652011416e-01   2.258174114e+01
         2.766757038e-02  -8.691229649e-01  -4.938215898e-01   7.766126144e+01
/

&TRIAD
  id = 938
  extId = 16 25 3 3
  nDOFs = 6
  ur  =  9.944040323e-01   5.994495596e-02  -8.698980096e-02  -7.448762019e+00
         1.052409974e-01  -4.902563819e-01   8.652011416e-01   2.435540348e+01
         9.217152207e-03  -8.695143850e-01  -4.938215898e-01   7.664892718e+01
/

&TRIAD
  id = 940
  extId = 17 25 3 3
  nDOFs = 6
  ur  =  9.944040323e-01   5.994495596e-02  -8.698980096e-02  -7.627091111e+00
         1.052409974e-01  -4.902563819e-01   8.652011416e-01   2.612906582e+01
         9.217152207e-03  -8.695143850e-01  -4.938215898e-01   7.563659292e+01
/

&TRIAD
  id = 942
  extId = 18 25 3 3
  nDOFs = 6
  ur  =  9.954757522e-01   3.822051073e-02  -8.698980096e-02  -7.805420203e+00
         9.451247371e-02  -4.924371845e-01   8.652011416e-01   2.790272816e+01
        -9.768569933e-03  -8.695083665e-01  -4.938215898e-01   7.462425866e+01
/

&TRIAD
  id = 944
  extId = 19 25 3 3
  nDOFs = 6
  ur  =  9.954757522e-01   3.822051073e-02  -8.698980096e-02  -7.983749295e+00
         9.451247371e-02  -4.924371845e-01   8.652011416e-01   2.967639050e+01
        -9.768569933e-03  -8.695083665e-01  -4.938215898e-01   7.361192440e+01
/

&TRIAD
  id = 946
  extId = 20 25 3 3
  nDOFs = 6
  ur  =  9.960526590e-01   1.765998764e-02  -8.698980096e-02  -8.162078387e+00
         8.432557712e-02  -4.942835056e-01   8.652011416e-01   3.145005284e+01
        -2.771816883e-02  -8.691213510e-01  -4.938215898e-01   7.259959014e+01
/

&TRIAD
  id = 948
  extId = 21 25 3 3
  nDOFs = 6
  ur  =  9.960526590e-01   1.765998764e-02  -8.698980096e-02  -8.340407479e+00
         8.432557712e-02  -4.942835056e-01   8.652011416e-01   3.322371518e+01
        -2.771816883e-02  -8.691213510e-01  -4.938215898e-01   7.158725588e+01
/

&TRIAD
  id = 950
  extId = 22 25 3 3
  nDOFs = 6
  ur  =  9.962054477e-01  -2.734182348e-03  -8.698980096e-02  -8.518736571e+00
         7.418929158e-02  -4.959061753e-01   8.652011416e-01   3.499737752e+01
        -4.550438346e-02  -8.683717908e-01  -4.938215898e-01   7.057492162e+01
/

&TRIAD
  id = 952
  extId = 23 25 3 3
  nDOFs = 6
  ur  =  9.962054477e-01  -2.734182348e-03  -8.698980096e-02  -8.697065663e+00
         7.418929158e-02  -4.959061753e-01   8.652011416e-01   3.677103986e+01
        -4.550438346e-02  -8.683717908e-01  -4.938215898e-01   6.956258737e+01
/

&TRIAD
  id = 954
  extId = 24 25 3 3
  nDOFs = 6
  ur  =  9.959832827e-01  -2.121510534e-02  -8.698980096e-02  -8.875394755e+00
         6.497657719e-02  -4.971971768e-01   8.652011416e-01   3.854470220e+01
        -6.160640289e-02  -8.673781615e-01  -4.938215898e-01   6.855025311e+01
/

&TRIAD
  id = 956
  extId = 25 25 3 3
  nDOFs = 6
  ur  =  9.959832827e-01  -2.121510534e-02  -8.698980096e-02  -9.053723847e+00
         6.497657719e-02  -4.971971768e-01   8.652011416e-01   4.031836454e+01
        -6.160640289e-02  -8.673781615e-01  -4.938215898e-01   6.753791885e+01
/

&TRIAD
  id = 958
  extId = 26 25 3 3
  nDOFs = 6
  ur  =  9.955863035e-01  -3.522338722e-02  -8.698980096e-02  -9.232052939e+00
         5.797613312e-02  -4.980619990e-01   8.652011416e-01   4.209202688e+01
        -7.380161492e-02  -8.664257275e-01  -4.938215898e-01   6.652558459e+01
/

&TRIAD
  id = 960
  extId = 27 25 3 3
  nDOFs = 6
  ur  =  9.955863035e-01  -3.522338722e-02  -8.698980096e-02  -9.410382031e+00
         5.797613312e-02  -4.980619990e-01   8.652011416e-01   4.386568922e+01
        -7.380161492e-02  -8.664257275e-01  -4.938215898e-01   6.551325033e+01
/

&TRIAD
  id = 962
  extId = 28 25 3 3
  nDOFs = 6
  ur  =  9.950034548e-01  -4.899894695e-02  -8.698980096e-02  -9.588711123e+00
         5.107739267e-02  -4.988166859e-01   8.652011416e-01   4.563935156e+01
        -8.578589483e-02  -8.653213263e-01  -4.938215898e-01   6.450091607e+01
/

&TRIAD
  id = 964
  extId = 29 25 3 3
  nDOFs = 6
  ur  =  9.950034548e-01  -4.899894695e-02  -8.698980096e-02  -9.767040215e+00
         5.107739267e-02  -4.988166859e-01   8.652011416e-01   4.741301391e+01
        -8.578589483e-02  -8.653213263e-01  -4.938215898e-01   6.348858181e+01
/

&TRIAD
  id = 966
  extId = 30 25 3 3
  nDOFs = 6
  ur  =  9.943698650e-01  -6.050913147e-02  -8.698980096e-02  -9.885926131e+00
         4.530202527e-02  -4.993743241e-01   8.652011416e-01   4.859545402e+01
        -9.579302834e-02  -8.642707458e-01  -4.938215898e-01   6.281369313e+01
/

&TRIAD
  id = 968
  extId = 31 25 3 3
  nDOFs = 6
  ur  =  9.943698650e-01  -6.050913147e-02  -8.698980096e-02  -1.000481205e+01
         4.530202527e-02  -4.993743241e-01   8.652011416e-01   4.977789414e+01
        -9.579302834e-02  -8.642707458e-01  -4.938215898e-01   6.213880444e+01
/

&TRIAD
  id = 970
  extId = 32 25 3 3
  nDOFs = 6
  ur  =  9.938124106e-01  -6.906281609e-02  -8.698980096e-02  -1.012369796e+01
         4.100354753e-02  -4.997456326e-01   8.652011416e-01   5.096033426e+01
        -1.032259860e-01  -8.634145121e-01  -4.938215898e-01   6.146391576e+01
/

&TRIAD
  id = 972
  extId = 33 25 3 3
  nDOFs = 6
  ur  =  9.938124106e-01  -6.906281609e-02  -8.698980096e-02  -1.024258388e+01
         4.100354753e-02  -4.997456326e-01   8.652011416e-01   5.214277438e+01
        -1.032259860e-01  -8.634145121e-01  -4.938215898e-01   6.078902708e+01
/

&TRIAD
  id = 974
  extId = 34 25 3 3
  nDOFs = 6
  ur  =  9.934836443e-01  -7.364122028e-02  -8.698980096e-02  -1.036146980e+01
         3.870046055e-02  -4.999292578e-01   8.652011416e-01   5.332521450e+01
        -1.072032000e-01  -8.629297181e-01  -4.938215898e-01   6.011413840e+01
/

&TRIAD
  id = 976
  extId = 35 25 3 3
  nDOFs = 6
  ur  =  9.934836443e-01  -7.364122028e-02  -8.698980096e-02  -1.048035571e+01
         3.870046055e-02  -4.999292578e-01   8.652011416e-01   5.450765461e+01
        -1.072032000e-01  -8.629297181e-01  -4.938215898e-01   5.943924971e+01
/

&SUP_EL
  id = 743
  extId = 1 25 1
  extDescr = 'Tower'
  numTriads = 2
  triadIds = 745 747
  shadowPosAlg = 1
  refTriad1Id = 745, offset1 =  0.000000000e+00   0.000000000e+00   0.000000000e+00
  refTriad2Id = 747, offset2 =  0.000000000e+00   0.000000000e+00   0.000000000e+00
  refTriad3Id = 745, offset3 =  0.000000000e+00  -8.815000000e+01   0.000000000e+00
  stiffScale =  1.000000000e+00
  massScale  =  1.000000000e+00
  alpha1 =  0.000000000e+00,  alpha2 =  0.000000000e+00
  supPos =  1.000000000e+00   0.000000000e+00   0.000000000e+00   0.000000000e+00
            0.000000000e+00   1.000000000e+00   0.000000000e+00   0.000000000e+00
            0.000000000e+00   0.000000000e+00   1.000000000e+00   0.000000000e+00
/
&TRIAD_UNDPOS
  supElId = 743
  triadId = 745
  undPosInSupElSystem =  1.000000000e+00   0.000000000e+00   0.000000000e+00   0.000000000e+00
                         0.000000000e+00   1.000000000e+00   0.000000000e+00   0.000000000e+00
                         0.000000000e+00   0.000000000e+00   1.000000000e+00   0.000000000e+00
/
&TRIAD_UNDPOS
  supElId = 743
  triadId = 747
  undPosInSupElSystem =  1.000000000e+00   0.000000000e+00   0.000000000e+00   0.000000000e+00
                         0.000000000e+00   1.000000000e+00   0.000000000e+00   0.000000000e+00
                         0.000000000e+00   0.000000000e+00   1.000000000e+00   8.815000000e+01
/

&GENERIC_PART
  supElId =  743
  mass    =   5.000000000e+04
  inertia =   0.000000000e+00   0.000000000e+00   0.000000000e+00   0.000000000e+00   0.000000000e+00   0.000000000e+00
  kt      =   1.000000000e+14
  kr      =   1.000000000e+14
/

&SUP_EL
  id = 748
  extId = 1 25 2
  extDescr = 'Nacelle'
  numTriads = 3
  triadIds = -748 756 749
  shadowPosAlg = 1
  refTriad1Id = 756, offset1 =  0.000000000e+00   0.000000000e+00   0.000000000e+00
  refTriad2Id = 749, offset2 =  0.000000000e+00   0.000000000e+00   0.000000000e+00
  refTriad3Id = 756, offset3 =  2.233358290e+00   0.000000000e+00   3.095276500e+00
  stiffScale =  1.000000000e+00
  massScale  =  1.000000000e+00
  alpha1 =  0.000000000e+00,  alpha2 =  0.000000000e+00
  supPos =  1.000000000e+00   0.000000000e+00   0.000000000e+00   0.000000000e+00
            0.000000000e+00   1.000000000e+00   0.000000000e+00   0.000000000e+00
            0.000000000e+00   0.000000000e+00   1.000000000e+00   8.815000000e+01
/

! Center of Gravity solver triad
&TRIAD
  id = -748
  nDOFs = 6
  ur  =  1.000000000e+00   0.000000000e+00   0.000000000e+00   1.900000000e+00
         0.000000000e+00   1.000000000e+00   0.000000000e+00   0.000000000e+00
        -0.000000000e+00   0.000000000e+00   1.000000000e+00   8.990000000e+01
/

&TRIAD_UNDPOS
  supElId = 748
  triadId = -748
  undPosInSupElSystem =  1.000000000e+00   0.000000000e+00  -0.000000000e+00   1.900000000e+00
                         0.000000000e+00   1.000000000e+00   0.000000000e+00   0.000000000e+00
                         0.000000000e+00   0.000000000e+00   1.000000000e+00   1.750000000e+00
/
&TRIAD_UNDPOS
  supElId = 748
  triadId = 756
  undPosInSupElSystem =  0.000000000e+00   1.000000000e+00   0.000000000e+00  -3.095276500e+00
                         8.715574000e-02   0.000000000e+00   9.961947000e-01   0.000000000e+00
                         9.961947000e-01   0.000000000e+00  -8.715574000e-02   2.233358290e+00
/
&TRIAD_UNDPOS
  supElId = 748
  triadId = 749
  undPosInSupElSystem =  1.000000000e+00   0.000000000e+00   0.000000000e+00   0.000000000e+00
                         0.000000000e+00   1.000000000e+00   0.000000000e+00   0.000000000e+00
                         0.000000000e+00   0.000000000e+00   1.000000000e+00   0.000000000e+00
/

&GENERIC_PART
  supElId =  748
  mass    =   3.000000000e+04
  inertia =   0.000000000e+00   0.000000000e+00   0.000000000e+00   0.000000000e+00   0.000000000e+00   0.000000000e+00
  kt      =   1.000000000e+14
  kr      =   1.000000000e+14
/

&SUP_EL
  id = 758
  extId = 1 25 3
  extDescr = 'Hub'
  numTriads = 4
  triadIds = 759 764 835 906
  shadowPosAlg = 1
  refTriad1Id = 835, offset1 =  0.000000000e+00   0.000000000e+00   0.000000000e+00
  refTriad2Id = 764, offset2 =  0.000000000e+00   0.000000000e+00   0.000000000e+00
  refTriad3Id = 906, offset3 =  0.000000000e+00   0.000000000e+00   0.000000000e+00
  stiffScale =  1.000000000e+00
  massScale  =  1.000000000e+00
  alpha1 =  0.000000000e+00,  alpha2 =  0.000000000e+00
  supPos =  9.961947000e-01   0.000000000e+00   8.715574000e-02  -5.000000000e+00
            0.000000000e+00   1.000000000e+00   0.000000000e+00   0.000000000e+00
           -8.715574000e-02   0.000000000e+00   9.961947000e-01   9.055000000e+01
/
&TRIAD_UNDPOS
  supElId = 758
  triadId = 759
  undPosInSupElSystem =  0.000000000e+00   1.000000000e+00   0.000000000e+00   0.000000000e+00
                         0.000000000e+00   0.000000000e+00   1.000000000e+00   0.000000000e+00
                         1.000000000e+00   0.000000000e+00   0.000000000e+00   0.000000000e+00
/
&TRIAD_UNDPOS
  supElId = 758
  triadId = 764
  undPosInSupElSystem =  9.990482200e-01  -0.000000000e+00   4.361939000e-02  -6.542908000e-02
                         0.000000000e+00   1.000000000e+00   0.000000000e+00  -0.000000000e+00
                        -4.361939000e-02  -0.000000000e+00   9.990482200e-01   1.498572330e+00
/
&TRIAD_UNDPOS
  supElId = 758
  triadId = 835
  undPosInSupElSystem =  9.990482200e-01  -3.777550000e-02  -2.180969000e-02  -6.542908000e-02
                         0.000000000e+00  -5.000000000e-01   8.660254000e-01  -1.297801710e+00
                        -4.361939000e-02  -8.652011400e-01  -4.995241100e-01  -7.492861700e-01
/
&TRIAD_UNDPOS
  supElId = 758
  triadId = 906
