&HEADING
  modelFile = 'C:\Users\i338850\projects\robot_arm\fft_robot\robot_kin.fmm'
  version = 3.0
/

&MECHANISM
  id = 1
  extId = 1
  extDescr = '<default_m.fmm>'
  weightTranslation =  3.333333333e-01
  weightRotation    =  1.000000000e+00
  weightGeneralized =  1.000000000e+00
  modalDmpFunction  = 243
/

&TRIAD
  id = 16
  extId = 1
  extDescr = 'bottom'
  nDOFs = 6
  ur  =   1.000000000e+00   0.000000000e+00   0.000000000e+00   0.000000000e+00
          0.000000000e+00   1.000000000e+00   0.000000000e+00   0.000000000e+00
          0.000000000e+00   0.000000000e+00   1.000000000e+00   0.000000000e+00
  BC = 0 0 0 0 0 0
/

&TRIAD
  id = 17
  extId = 2
  extDescr = 'middle'
  nDOFs = 6
  ur  =   0.000000000e+00  -1.000000000e+00   0.000000000e+00  -2.000000000e-08
          1.000000000e+00   0.000000000e+00   0.000000000e+00   2.000000300e-01
          0.000000000e+00   0.000000000e+00   1.000000000e+00   0.000000000e+00
/

&TRIAD
  id = 18
  extId = 3
  extDescr = 'top'
  nDOFs = 6
  ur  =   1.000000000e+00   0.000000000e+00   0.000000000e+00   1.000000000e+00
          0.000000000e+00   1.000000000e+00   0.000000000e+00   3.000000000e+00
          0.000000000e+00   0.000000000e+00   1.000000000e+00   0.000000000e+00
/

&TRIAD
  id = 23
  extId = 4
  nDOFs = 6
  ur  =   0.000000000e+00  -1.000000000e+00   0.000000000e+00  -2.000000000e-08
          1.000000000e+00   0.000000000e+00   0.000000000e+00   2.000000300e-01
          0.000000000e+00   0.000000000e+00   1.000000000e+00   0.000000000e+00
/

&TRIAD
  id = 102
  extId = 5
  nDOFs = 6
  ur  =   1.000000000e+00   0.000000000e+00   0.000000000e+00   9.999998000e-02
          0.000000000e+00   1.000000000e+00   0.000000000e+00   4.800000300e-01
          0.000000000e+00   0.000000000e+00   1.000000000e+00   0.000000000e+00
/

&TRIAD
  id = 103
  extId = 6
  nDOFs = 6
  ur  =   1.000000000e+00   0.000000000e+00   0.000000000e+00   1.999999800e-01
          0.000000000e+00   1.000000000e+00   0.000000000e+00   7.600000200e-01
          0.000000000e+00   0.000000000e+00   1.000000000e+00   0.000000000e+00
/

&TRIAD
  id = 105
  extId = 7
  nDOFs = 6
  ur  =   1.000000000e+00   0.000000000e+00   0.000000000e+00   2.999999900e-01
          0.000000000e+00   1.000000000e+00   0.000000000e+00   1.040000020e+00
          0.000000000e+00   0.000000000e+00   1.000000000e+00   0.000000000e+00
/

&TRIAD
  id = 107
  extId = 8
  nDOFs = 6
  ur  =   1.000000000e+00   0.000000000e+00   0.000000000e+00   3.999999900e-01
          0.000000000e+00   1.000000000e+00   0.000000000e+00   1.320000020e+00
          0.000000000e+00   0.000000000e+00   1.000000000e+00   0.000000000e+00
/

&TRIAD
  id = 109
  extId = 9
  extDescr = 'middle'
  nDOFs = 6
  sysDir = 2
  ur  =   9.417422900e-01   3.363353400e-01   0.000000000e+00   4.999999900e-01
         -3.363353400e-01   9.417422900e-01   0.000000000e+00   1.600000010e+00
          0.000000000e+00   0.000000000e+00   1.000000000e+00   0.000000000e+00
/

&TRIAD
  id = 111
  extId = 10
  nDOFs = 6
  ur  =   1.000000000e+00   0.000000000e+00   0.000000000e+00   5.999999900e-01
          0.000000000e+00   1.000000000e+00   0.000000000e+00   1.880000010e+00
          0.000000000e+00   0.000000000e+00   1.000000000e+00   0.000000000e+00
/

&TRIAD
  id = 113
  extId = 11
  nDOFs = 6
  ur  =   1.000000000e+00   0.000000000e+00   0.000000000e+00   6.999999900e-01
          0.000000000e+00   1.000000000e+00   0.000000000e+00   2.160000010e+00
          0.000000000e+00   0.000000000e+00   1.000000000e+00   0.000000000e+00
/

&TRIAD
  id = 115
  extId = 12
  nDOFs = 6
  ur  =   1.000000000e+00   0.000000000e+00   0.000000000e+00   8.000000000e-01
          0.000000000e+00   1.000000000e+00   0.000000000e+00   2.440000010e+00
          0.000000000e+00   0.000000000e+00   1.000000000e+00   0.000000000e+00
/

&TRIAD
  id = 117
  extId = 13
  nDOFs = 6
  ur  =   1.000000000e+00   0.000000000e+00   0.000000000e+00   9.000000000e-01
          0.000000000e+00   1.000000000e+00   0.000000000e+00   2.720000000e+00
          0.000000000e+00   0.000000000e+00   1.000000000e+00   0.000000000e+00
/

&SUP_EL
  id = 20
  extId = 1
  extDescr = 'beam_1'
  numTriads = 2
  triadIds = 16 17
  elPropId = 272
  shadowPosAlg = 1
  refTriad1Id = 16, offset1 =  0.000000000e+00   0.000000000e+00   0.000000000e+00
  refTriad2Id = 17, offset2 =  0.000000000e+00   0.000000000e+00   0.000000000e+00
  refTriad3Id = 16, offset3 =  0.000000000e+00   2.000000300e-01   0.000000000e+00
  massCorrFlag = 0
  stiffScale =  1.000000000e+00
  massScale  =  1.000000000e+00
  alpha1 =  0.000000000e+00,  alpha2 =  0.000000000e+00
  supPos = -9.999998500e-08  -1.000000000e+00   0.000000000e+00   0.000000000e+00
            1.000000000e+00  -9.999998500e-08  -0.000000000e+00   0.000000000e+00
            0.000000000e+00   0.000000000e+00   1.000000000e+00   0.000000000e+00
/
&TRIAD_UNDPOS
  supElId = 20
  triadId = 16
  undPosInSupElSystem = -9.999998500e-08  -1.000000000e+00   0.000000000e+00   0.000000000e+00
                         1.000000000e+00  -9.999998500e-08   0.000000000e+00   0.000000000e+00
                         0.000000000e+00   0.000000000e+00   1.000000000e+00   0.000000000e+00
/
&TRIAD_UNDPOS
  supElId = 20
  triadId = 17
  undPosInSupElSystem =  1.000000000e+00  -9.999998500e-08   0.000000000e+00   2.000000300e-01
                         9.999998500e-08   1.000000000e+00   0.000000000e+00  -3.308722450e-24
                         0.000000000e+00   0.000000000e+00   1.000000000e+00   0.000000000e+00
/

&SUP_EL
  id = 21
  extId = 2
  extDescr = 'beam_2'
  numTriads = 2
  triadIds = 23 102
  elPropId = 272
  shadowPosAlg = 1
  refTriad1Id = 23, offset1 =  0.000000000e+00   0.000000000e+00   0.000000000e+00
  refTriad2Id = 102, offset2 =  0.000000000e+00   0.000000000e+00   0.000000000e+00
  refTriad3Id = 23, offset3 =  0.000000000e+00   2.973213749e-01   0.000000000e+00
  massCorrFlag = 0
  stiffScale =  1.000000000e+00
  massScale  =  1.000000000e+00
  alpha1 =  0.000000000e+00,  alpha2 =  0.000000000e+00
  supPos =  3.363363970e-01  -9.417419116e-01  -0.000000000e+00  -2.000000000e-08
            9.417419116e-01   3.363363970e-01  -0.000000000e+00   2.000000300e-01
            0.000000000e+00   0.000000000e+00   1.000000000e+00   0.000000000e+00
/
&TRIAD_UNDPOS
  supElId = 21
  triadId = 23
  undPosInSupElSystem =  9.417419116e-01   3.363363970e-01   0.000000000e+00   0.000000000e+00
                        -3.363363970e-01   9.417419116e-01   0.000000000e+00   0.000000000e+00
                         0.000000000e+00   0.000000000e+00   1.000000000e+00   0.000000000e+00
/
&TRIAD_UNDPOS
  supElId = 21
  triadId = 102
  undPosInSupElSystem =  3.363363970e-01  -9.417419116e-01   0.000000000e+00   2.973213749e-01
                         9.417419116e-01   3.363363970e-01   0.000000000e+00   2.775557562e-17
                         0.000000000e+00   0.000000000e+00   1.000000000e+00   0.000000000e+00
/

&SUP_EL
  id = 104
  extId = 3
  extDescr = 'beam_3'
  numTriads = 2
  triadIds = 102 103
  elPropId = 272
  shadowPosAlg = 1
  refTriad1Id = 102, offset1 =  0.000000000e+00   0.000000000e+00   0.000000000e+00
  refTriad2Id = 103, offset2 =  0.000000000e+00   0.000000000e+00   0.000000000e+00
  refTriad3Id = 102, offset3 =  0.000000000e+00   2.973213655e-01   0.000000000e+00
  massCorrFlag = 0
  stiffScale =  1.000000000e+00
  massScale  =  1.000000000e+00
  alpha1 =  0.000000000e+00,  alpha2 =  0.000000000e+00
  supPos =  3.363364077e-01  -9.417419078e-01  -0.000000000e+00   9.999998000e-02
            9.417419078e-01   3.363364077e-01  -0.000000000e+00   4.800000300e-01
            0.000000000e+00   0.000000000e+00   1.000000000e+00   0.000000000e+00
/
&TRIAD_UNDPOS
  supElId = 104
  triadId = 102
  undPosInSupElSystem =  3.363364077e-01  -9.417419078e-01   0.000000000e+00   0.000000000e+00
                         9.417419078e-01   3.363364077e-01   0.000000000e+00   0.000000000e+00
                         0.000000000e+00   0.000000000e+00   1.000000000e+00   0.000000000e+00
/
&TRIAD_UNDPOS
  supElId = 104
  triadId = 103
  undPosInSupElSystem =  3.363364077e-01  -9.417419078e-01   0.000000000e+00   2.973213655e-01
                         9.417419078e-01   3.363364077e-01   0.000000000e+00   1.387778781e-17
                         0.000000000e+00   0.000000000e+00   1.000000000e+00   0.000000000e+00
/

&SUP_EL
  id = 106
  extId = 4
  extDescr = 'beam_4'
  numTriads = 2
  triadIds = 103 105
  elPropId = 272
  shadowPosAlg = 1
  refTriad1Id = 103, offset1 =  0.000000000e+00   0.000000000e+00   0.000000000e+00
  refTriad2Id = 105, offset2 =  0.000000000e+00   0.000000000e+00   0.000000000e+00
  refTriad3Id = 103, offset3 =  0.000000000e+00   2.973213783e-01   0.000000000e+00
  massCorrFlag = 0
  stiffScale =  1.000000000e+00
  massScale  =  1.000000000e+00
  alpha1 =  0.000000000e+00,  alpha2 =  0.000000000e+00
  supPos =  3.363364268e-01  -9.417419009e-01  -0.000000000e+00   1.999999800e-01
            9.417419009e-01   3.363364268e-01  -0.000000000e+00   7.600000200e-01
            0.000000000e+00   0.000000000e+00   1.000000000e+00   0.000000000e+00
/
&TRIAD_UNDPOS
  supElId = 106
  triadId = 103
  undPosInSupElSystem =  3.363364268e-01  -9.417419009e-01   0.000000000e+00   0.000000000e+00
                         9.417419009e-01   3.363364268e-01   0.000000000e+00   0.000000000e+00
                         0.000000000e+00   0.000000000e+00   1.000000000e+00   0.000000000e+00
/
&TRIAD_UNDPOS
  supElId = 106
  triadId = 105
  undPosInSupElSystem =  3.363364268e-01  -9.417419009e-01   0.000000000e+00   2.973213783e-01
                         9.417419009e-01   3.363364268e-01   0.000000000e+00   5.551115123e-17
                         0.000000000e+00   0.000000000e+00   1.000000000e+00   0.000000000e+00
/

&SUP_EL
  id = 108
  extId = 5
  extDescr = 'beam_5'
  numTriads = 2
  triadIds = 105 107
  elPropId = 272
  shadowPosAlg = 1
  refTriad1Id = 105, offset1 =  0.000000000e+00   0.000000000e+00   0.000000000e+00
  refTriad2Id = 107, offset2 =  0.000000000e+00   0.000000000e+00   0.000000000e+00
  refTriad3Id = 105, offset3 =  0.000000000e+00   2.973213749e-01   0.000000000e+00
  massCorrFlag = 0
  stiffScale =  1.000000000e+00
  massScale  =  1.000000000e+00
  alpha1 =  0.000000000e+00,  alpha2 =  0.000000000e+00
  supPos =  3.363363970e-01  -9.417419116e-01  -0.000000000e+00   2.999999900e-01
            9.417419116e-01   3.363363970e-01  -0.000000000e+00   1.040000020e+00
            0.000000000e+00   0.000000000e+00   1.000000000e+00   0.000000000e+00
/
&TRIAD_UNDPOS
  supElId = 108
  triadId = 105
  undPosInSupElSystem =  3.363363970e-01  -9.417419116e-01   0.000000000e+00   0.000000000e+00
                         9.417419116e-01   3.363363970e-01   0.000000000e+00   0.000000000e+00
                         0.000000000e+00   0.000000000e+00   1.000000000e+00   0.000000000e+00
/
&TRIAD_UNDPOS
  supElId = 108
  triadId = 107
  undPosInSupElSystem =  3.363363970e-01  -9.417419116e-01   0.000000000e+00   2.973213749e-01
                         9.417419116e-01   3.363363970e-01   0.000000000e+00   0.000000000e+00
                         0.000000000e+00   0.000000000e+00   1.000000000e+00   0.000000000e+00
/

&SUP_EL
  id = 110
  extId = 6
  extDescr = 'beam_6'
  numTriads = 2
  triadIds = 107 109
  elPropId = 272
  shadowPosAlg = 1
  refTriad1Id = 107, offset1 =  0.000000000e+00   0.000000000e+00   0.000000000e+00
  refTriad2Id = 109, offset2 =  0.000000000e+00   0.000000000e+00   0.000000000e+00
  refTriad3Id = 107, offset3 =  0.000000000e+00   2.973213655e-01   0.000000000e+00
  massCorrFlag = 0
  stiffScale =  1.000000000e+00
  massScale  =  1.000000000e+00
  alpha1 =  0.000000000e+00,  alpha2 =  0.000000000e+00
  supPos =  3.363364077e-01  -9.417419078e-01  -0.000000000e+00   3.999999900e-01
            9.417419078e-01   3.363364077e-01  -0.000000000e+00   1.320000020e+00
            0.000000000e+00   0.000000000e+00   1.000000000e+00   0.000000000e+00
/
&TRIAD_UNDPOS
  supElId = 110
  triadId = 107
  undPosInSupElSystem =  3.363364077e-01  -9.417419078e-01   0.000000000e+00   0.000000000e+00
                         9.417419078e-01   3.363364077e-01   0.000000000e+00   0.000000000e+00
                         0.000000000e+00   0.000000000e+00   1.000000000e+00   0.000000000e+00
/
&TRIAD_UNDPOS
  supElId = 110
  triadId = 109
  undPosInSupElSystem =  1.134003111e-06  -1.000000001e+00   0.000000000e+00   2.973213655e-01
                         1.000000001e+00   1.134003111e-06   0.000000000e+00   0.000000000e+00
                         0.000000000e+00   0.000000000e+00   1.000000000e+00   0.000000000e+00
/

&SUP_EL
  id = 112
  extId = 7
  extDescr = 'beam_7'
  numTriads = 2
  triadIds = 109 111
  elPropId = 272
  shadowPosAlg = 1
  refTriad1Id = 109, offset1 =  0.000000000e+00   0.000000000e+00   0.000000000e+00
  refTriad2Id = 111, offset2 =  0.000000000e+00   0.000000000e+00   0.000000000e+00
  refTriad3Id = 109, offset3 =  0.000000000e+00   2.973213749e-01   0.000000000e+00
  massCorrFlag = 0
  stiffScale =  1.000000000e+00
  massScale  =  1.000000000e+00
  alpha1 =  0.000000000e+00,  alpha2 =  0.000000000e+00
  supPos =  3.363363970e-01  -9.417419116e-01  -0.000000000e+00   4.999999900e-01
            9.417419116e-01   3.363363970e-01  -0.000000000e+00   1.600000010e+00
            0.000000000e+00   0.000000000e+00   1.000000000e+00   0.000000000e+00
/
&TRIAD_UNDPOS
  supElId = 112
  triadId = 109
  undPosInSupElSystem =  1.122690893e-06  -1.000000001e+00   0.000000000e+00   0.000000000e+00
                         1.000000001e+00   1.122690893e-06   0.000000000e+00   0.000000000e+00
                         0.000000000e+00   0.000000000e+00   1.000000000e+00   0.000000000e+00
/
&TRIAD_UNDPOS
  supElId = 112
  triadId = 111
  undPosInSupElSystem =  3.363363970e-01  -9.417419116e-01   0.000000000e+00   2.973213749e-01
                         9.417419116e-01   3.363363970e-01   0.000000000e+00  -5.551115123e-17
                         0.000000000e+00   0.000000000e+00   1.000000000e+00   0.000000000e+00
/

&SUP_EL
  id = 114
  extId = 8
  extDescr = 'beam_8'
  numTriads = 2
  triadIds = 111 113
  elPropId = 272
  shadowPosAlg = 1
  refTriad1Id = 111, offset1 =  0.000000000e+00   0.000000000e+00   0.000000000e+00
  refTriad2Id = 113, offset2 =  0.000000000e+00   0.000000000e+00   0.000000000e+00
  refTriad3Id = 111, offset3 =  0.000000000e+00   2.973213749e-01   0.000000000e+00
  massCorrFlag = 0
  stiffScale =  1.000000000e+00
  massScale  =  1.000000000e+00
  alpha1 =  0.000000000e+00,  alpha2 =  0.000000000e+00
  supPos =  3.363363970e-01  -9.417419116e-01  -0.000000000e+00   5.999999900e-01
            9.417419116e-01   3.363363970e-01  -0.000000000e+00   1.880000010e+00
            0.000000000e+00   0.000000000e+00   1.000000000e+00   0.000000000e+00
/
&TRIAD_UNDPOS
  supElId = 114
  triadId = 111
  undPosInSupElSystem =  3.363363970e-01  -9.417419116e-01   0.000000000e+00   0.000000000e+00
                         9.417419116e-01   3.363363970e-01   0.000000000e+00   0.000000000e+00
                         0.000000000e+00   0.000000000e+00   1.000000000e+00   0.000000000e+00
/
&TRIAD_UNDPOS
  supElId = 114
  triadId = 113
  undPosInSupElSystem =  3.363363970e-01  -9.417419116e-01   0.000000000e+00   2.973213749e-01
                         9.417419116e-01   3.363363970e-01   0.000000000e+00   1.110223025e-16
                         0.000000000e+00   0.000000000e+00   1.000000000e+00   0.000000000e+00
/

&SUP_EL
  id = 116
  extId = 9
  extDescr = 'beam_9'
  numTriads = 2
  triadIds = 113 115
  elPropId = 272
  shadowPosAlg = 1
  refTriad1Id = 113, offset1 =  0.000000000e+00   0.000000000e+00   0.000000000e+00
  refTriad2Id = 115, offset2 =  0.000000000e+00   0.000000000e+00   0.000000000e+00
  refTriad3Id = 113, offset3 =  0.000000000e+00   2.973213783e-01   0.000000000e+00
  massCorrFlag = 0
  stiffScale =  1.000000000e+00
  massScale  =  1.000000000e+00
  alpha1 =  0.000000000e+00,  alpha2 =  0.000000000e+00
  supPos =  3.363364268e-01  -9.417419009e-01  -0.000000000e+00   6.999999900e-01
            9.417419009e-01   3.363364268e-01  -0.000000000e+00   2.160000010e+00
            0.000000000e+00   0.000000000e+00   1.000000000e+00   0.000000000e+00
/
&TRIAD_UNDPOS
  supElId = 116
  triadId = 113
  undPosInSupElSystem =  3.363364268e-01  -9.417419009e-01   0.000000000e+00   0.000000000e+00
                         9.417419009e-01   3.363364268e-01   0.000000000e+00   0.000000000e+00
                         0.000000000e+00   0.000000000e+00   1.000000000e+00   0.000000000e+00
/
&TRIAD_UNDPOS
  supElId = 116
  triadId = 115
  undPosInSupElSystem =  3.363364268e-01  -9.417419009e-01   0.000000000e+00   2.973213783e-01
                         9.417419009e-01   3.363364268e-01   0.000000000e+00   0.000000000e+00
                         0.000000000e+00   0.000000000e+00   1.000000000e+00   0.000000000e+00
/

&SUP_EL
  id = 118
  extId = 10
  extDescr = 'beam_10'
  numTriads = 2
  triadIds = 115 117
  elPropId = 272
  shadowPosAlg = 1
  refTriad1Id = 115, offset1 =  0.000000000e+00   0.000000000e+00   0.000000000e+00
  refTriad2Id = 117, offset2 =  0.000000000e+00   0.000000000e+00   0.000000000e+00
  refTriad3Id = 115, offset3 =  0.000000000e+00   2.973213655e-01   0.000000000e+00
  massCorrFlag = 0
  stiffScale =  1.000000000e+00
  massScale  =  1.000000000e+00
  alpha1 =  0.000000000e+00,  alpha2 =  0.000000000e+00
  supPos =  3.363364077e-01  -9.417419078e-01  -0.000000000e+00   8.000000000e-01
            9.417419078e-01   3.363364077e-01  -0.000000000e+00   2.440000010e+00
            0.000000000e+00   0.000000000e+00   1.000000000e+00   0.000000000e+00
/
&TRIAD_UNDPOS
  supElId = 118
  triadId = 115
  undPosInSupElSystem =  3.363364077e-01  -9.417419078e-01   0.000000000e+00   0.000000000e+00
                         9.417419078e-01   3.363364077e-01   0.000000000e+00   0.000000000e+00
                         0.000000000e+00   0.000000000e+00   1.000000000e+00   0.000000000e+00
/
&TRIAD_UNDPOS
  supElId = 118
  triadId = 117
  undPosInSupElSystem =  3.363364077e-01  -9.417419078e-01   0.000000000e+00   2.973213655e-01
                         9.417419078e-01   3.363364077e-01   0.000000000e+00   0.000000000e+00
                         0.000000000e+00   0.000000000e+00   1.000000000e+00   0.000000000e+00
/

&SUP_EL
  id = 119
  extId = 11
  extDescr = 'beam_11'
  numTriads = 2
  triadIds = 117 18
  elPropId = 272
  shadowPosAlg = 1
  refTriad1Id = 117, offset1 =  0.000000000e+00   0.000000000e+00   0.000000000e+00
  refTriad2Id = 18, offset2 =  0.000000000e+00   0.000000000e+00   0.000000000e+00
  refTriad3Id = 117, offset3 =  0.000000000e+00   2.973213749e-01   0.000000000e+00
  massCorrFlag = 0
  stiffScale =  1.000000000e+00
  massScale  =  1.000000000e+00
  alpha1 =  0.000000000e+00,  alpha2 =  0.000000000e+00
  supPos =  3.363363970e-01  -9.417419116e-01  -0.000000000e+00   9.000000000e-01
            9.417419116e-01   3.363363970e-01  -0.000000000e+00   2.720000000e+00
            0.000000000e+00   0.000000000e+00   1.000000000e+00   0.000000000e+00
/
&TRIAD_UNDPOS
  supElId = 119
  triadId = 117
  undPosInSupElSystem =  3.363363970e-01  -9.417419116e-01   0.000000000e+00   0.000000000e+00
                         9.417419116e-01   3.363363970e-01   0.000000000e+00   0.000000000e+00
                         0.000000000e+00   0.000000000e+00   1.000000000e+00   0.000000000e+00
/
&TRIAD_UNDPOS
  supElId = 119
  triadId = 18
  undPosInSupElSystem =  3.363363970e-01  -9.417419116e-01   0.000000000e+00   2.973213749e-01
                         9.417419116e-01   3.363363970e-01   0.000000000e+00   1.110223025e-16
                         0.000000000e+00   0.000000000e+00   1.000000000e+00   0.000000000e+00
/

&MASTERSLAVEJOINT
  id = 25
  extId = 1
  extDescr = 'first_second'
  InitPosInGlobal =  0.000000000e+00  -1.000000000e+00   0.000000000e+00  -2.000000000e-08
                     1.000000000e+00   0.000000000e+00   0.000000000e+00   2.000000300e-01
                     0.000000000e+00   0.000000000e+00   1.000000000e+00   0.000000000e+00
  type         = 1
  nJointVars   = 1
  JointVarDefs = 6 1
  JVarInitVal  =   0.000000000e+00
  JVarInitVel  =   0.000000000e+00
  JVarInitAcc  =   0.000000000e+00
  springId     = 0
  damperId     = 0
  slaveId  = 23
  masterId = 17
/

'Beam properties
&ELEMENT_PROPERTY
  id = 272
  extId = 1
  extDescr = 'd_20mm'
  geometry = 1.963495408e-01   3.067961576e-03   3.067961576e-03   6.135923152e-03  0.5 0.5
  material = 7.850000000e+03   2.100000000e+11   8.139534884e+10
/

&LOAD
  id = 182
  extId = 4
  loadType = 1
  fileName = 'fft_sine.dat'
  triadId = 109
  lDof = 1
/

&MOTION
  id = 48
  extId = 1
  jointId = 25
  lDof = 6
  type = 'deflection'
  d0 = 0.0, d1 = 1.0, motionEngineId = 154
/

&SENSOR
  id = 121
  extId = 1
  type = 'TIME'
/

&ENGINE
  id = 154
  extId = 5
  extDescr = 'joint_angle'
  functionId = 242
  nArg = 1, argSensorId = 121
/

&FUNCTION
  id = 242
  extId = 1
  type = 'LIN_VAR'
  extrapolationType = 1
  realDataSize = 22
  realData =   0.000000e+00   0.000000e+00   1.000000e+00  -1.227772e-01   2.000000e+00  -2.455545e-01
               3.000000e+00  -3.683317e-01   4.000000e+00  -4.911090e-01   5.000000e+00  -6.138862e-01
               6.000000e+00  -7.366634e-01   7.000000e+00  -8.594407e-01   8.000000e+00  -9.822179e-01
               9.000000e+00  -1.104995e+00   1.000000e+01  -1.227772e+00
/

&FUNCTION
  id = 243
  extId = 2
  type = 'LIN_VAR'
  extrapolationType = 1
  realDataSize = 24
  realData =   0.000000e+00   2.000000e-02   1.000000e+02   2.200000e-02   2.000000e+02   2.400000e-02
               3.000000e+02   2.600000e-02   4.000000e+02   2.800000e-02   6.000000e+02   3.000000e-02
               7.000000e+02   3.200000e-02   8.000000e+02   3.400000e-02   9.000000e+02   3.600000e-02
               1.000000e+03   3.800000e-02   2.000000e+03   4.000000e-02   1.000000e+04   5.000000e-02
/
